
Arquitectura: _10_11_11_1_
Semilla: 1764927946
Segundos: 160
NIteraciones: 660000

Costo_train: 0.099940
Precision_train: 0.878542
Recall_train: 0.791971
F1_train: 0.833013

Costo_test: 0.144818
Precision_test: 0.769231
Recall_test: 0.735294
F1_test: 0.751880
 
Paso: 0.200000
Gamma: 0.000000
Parada: 0.100000
Iteraciones: 1000000
CapasDesde: 2
CapasHasta: 5
Repeticiones: 5
Intervalo: 10000
MultiplicadorProfunda: 0.700000
Tarjeta: NVIDIA GeForce RTX 3090 Ti

Costos:
0.1413080.1347280.1280640.1249390.1465890.1153960.1143490.1139600.1125630.1112310.1085520.1105720.1060740.1058240.1053500.1106290.1046050.1044150.1040860.1037100.1036380.1029940.1031670.1025080.1027410.1027120.1023080.1024420.1024910.1020400.1023140.1020500.1024260.1020080.1016640.1170790.1009040.1135240.1011800.1006270.1014380.1014740.1010900.1015630.1011820.1011570.1009050.1010970.1010700.1138650.1006070.1009050.1005690.1007700.1005300.1006820.1006440.1004050.1006420.1005300.1002400.1003430.1002720.1002100.1001720.099940