
Arquitectura: _10_11_11_11_1_
Semilla: 1764928119
Segundos: 181
NIteraciones: 520000

Costo_train: 0.098168
Precision_train: 0.904977
Recall_train: 0.729927
F1_train: 0.808081

Costo_test: 0.133467
Precision_test: 0.846154
Recall_test: 0.647059
F1_test: 0.733333
 
Paso: 0.200000
Gamma: 0.000000
Parada: 0.100000
Iteraciones: 1000000
CapasDesde: 2
CapasHasta: 5
Repeticiones: 5
Intervalo: 10000
MultiplicadorProfunda: 0.700000
Tarjeta: NVIDIA GeForce RTX 3090 Ti

Costos:
0.1587880.1442970.1316350.1215100.1199150.1183040.1168800.1240190.1138050.1120600.1123300.1113860.1117500.1113210.1225030.1109650.1102770.1100280.1096770.1093850.1092120.1090500.1083530.1080460.1077620.1074820.1072510.1069580.1066910.1064600.1062290.1059510.1056150.1052410.1048500.1044750.1041260.1038040.1035040.1032190.1029440.1026780.1024210.1021670.1024460.1074980.1015500.1040120.1007050.1020010.1014990.098168