
Arquitectura: _10_11_11_1_
Semilla: 1764927837
Segundos: 94
NIteraciones: 400000

Costo_train: 0.099737
Precision_train: 0.912281
Recall_train: 0.759124
F1_train: 0.828685

Costo_test: 0.132917
Precision_test: 0.813559
Recall_test: 0.705882
F1_test: 0.755906
 
Paso: 0.200000
Gamma: 0.000000
Parada: 0.100000
Iteraciones: 1000000
CapasDesde: 2
CapasHasta: 5
Repeticiones: 5
Intervalo: 10000
MultiplicadorProfunda: 0.700000
Tarjeta: NVIDIA GeForce RTX 3090 Ti

Costos:
0.1471830.1409370.1357930.1303550.1272560.1273030.1311070.1157160.1137180.1123010.1113370.1106160.1098000.1092140.1088100.1084700.1081760.1079160.1076830.1074640.1072480.1070350.1068270.1066270.1064360.1062560.1060790.1058890.1056800.1054720.1052530.1049540.1040550.1036690.1033700.1015020.1005720.1011240.1011530.099737