
Arquitectura: _10_11_11_11_11_1_
Semilla: 1764928912
Segundos: 442
NIteraciones: 1000000

Costo_train: 0.103025
Precision_train: 0.917391
Recall_train: 0.770073
F1_train: 0.837302

Costo_test: 0.142907
Precision_test: 0.813559
Recall_test: 0.705882
F1_test: 0.755906
 
Paso: 0.200000
Gamma: 0.000000
Parada: 0.100000
Iteraciones: 1000000
CapasDesde: 2
CapasHasta: 5
Repeticiones: 5
Intervalo: 10000
MultiplicadorProfunda: 0.700000
Tarjeta: NVIDIA GeForce RTX 3090 Ti

Costos:
0.2361420.2323720.2073350.1444310.1369200.1347070.1282550.1251640.1235720.1223550.1221700.1247330.1188050.1222370.1189360.1225130.1194960.1191760.1162100.1161840.1175280.1194210.1195420.1156990.1216230.1154490.1151330.1151940.1151090.1147130.1147900.1145210.1146180.1167080.1158810.1155070.1140940.1136130.1132250.1145550.1129200.1128180.1135880.1119860.1133680.1122560.1129510.1112270.1111910.1104020.1097020.1107470.1131450.1138130.1098790.1097050.1095860.1094820.1093840.1092880.1067340.1065860.1064930.1064150.1063110.1094150.1062090.1075050.1108850.1099160.1085170.1092960.1058310.1054110.1102600.1064270.1052660.1082650.1154580.1048800.1097280.1040320.1042870.1040830.1037470.1047530.1036550.1051430.1033420.1048350.1031640.1053330.1032200.1028830.1038200.1030970.1028290.1028890.103318