
Arquitectura: _10_11_11_11_11_11_1_
Semilla: 1764930740
Segundos: 117
NIteraciones: 460000

Costo_train: 0.099668
Precision_train: 0.917031
Recall_train: 0.766423
F1_train: 0.834990

Costo_test: 0.138400
Precision_test: 0.822581
Recall_test: 0.750000
F1_test: 0.784615
 
Paso: 0.200000
Gamma: 0.000000
Parada: 0.100000
Iteraciones: 1000000
CapasDesde: 2
CapasHasta: 5
Repeticiones: 5
Intervalo: 10000
MultiplicadorProfunda: 0.700000
Tarjeta: NVIDIA GeForce RTX 3090 Ti

Costos:
0.2366120.2365110.2363280.2359190.2345640.2265180.2054270.1560590.1421920.1351270.1238350.1197270.1179600.1170050.1198810.1157820.1153290.1149540.1143890.1139680.1130930.1120450.1092090.1083880.1075920.1067810.1296500.1053970.1047240.1164870.1038300.1043470.1065520.1022760.1153750.1015210.1027490.1024710.1004980.1020390.1018590.1000820.1017900.1054230.1126650.099668