
Arquitectura: _10_11_11_11_11_1_
Semilla: 1764929860
Segundos: 178
NIteraciones: 820000

Costo_train: 0.099965
Precision_train: 0.918552
Recall_train: 0.740876
F1_train: 0.820202

Costo_test: 0.125389
Precision_test: 0.921569
Recall_test: 0.691176
F1_test: 0.789916
 
Paso: 0.200000
Gamma: 0.000000
Parada: 0.100000
Iteraciones: 1000000
CapasDesde: 2
CapasHasta: 5
Repeticiones: 5
Intervalo: 10000
MultiplicadorProfunda: 0.700000
Tarjeta: NVIDIA GeForce RTX 3090 Ti

Costos:
0.2358600.2295390.1642680.1437810.1411490.1303470.1330950.1266510.1242630.1170250.1154430.1149920.1136720.1123030.1170990.1122620.1125340.1120780.1115940.1111000.1105070.1090470.1077710.1075070.1072920.1070550.1068020.1065480.1062950.1060530.1058160.1055890.1053710.1051600.1049630.1047830.1046180.1044630.1043170.1041810.1040530.1039310.1038120.1036980.1035920.1034870.1033870.1032900.1031950.1031020.1030150.1029310.1028520.1027740.1026970.1026210.1025480.1024760.1024060.1023360.1022640.1016880.1015790.1014900.1013980.1013090.1012220.1011380.1010550.1009740.1008910.1008080.1007220.1006360.1005500.1004630.1003770.1002920.1002090.1001280.1000450.099965