
Arquitectura: _10_11_11_11_11_11_1_
Semilla: 1764930136
Segundos: 201
NIteraciones: 760000

Costo_train: 0.099859
Precision_train: 0.881356
Recall_train: 0.759124
F1_train: 0.815686

Costo_test: 0.129434
Precision_test: 0.809524
Recall_test: 0.750000
F1_test: 0.778626
 
Paso: 0.200000
Gamma: 0.000000
Parada: 0.100000
Iteraciones: 1000000
CapasDesde: 2
CapasHasta: 5
Repeticiones: 5
Intervalo: 10000
MultiplicadorProfunda: 0.700000
Tarjeta: NVIDIA GeForce RTX 3090 Ti

Costos:
0.2365990.2363670.2359440.2346810.2259790.1889510.1424190.1323700.1262130.1199450.1177230.1157550.1147960.1136570.1131960.1174320.1114840.1103170.1094700.1125220.1118220.1265420.1092400.1085140.1077290.1156010.1080700.1099940.1068940.1067840.1071630.1108150.1061070.1054170.1057250.1055430.1052860.1052390.1050600.1045340.1047080.1041600.1049940.1050080.1050340.1046330.1038530.1042620.1039280.1041690.1036180.1047130.1042850.1039840.1112750.1032510.1025560.1050660.1021930.1106260.1019800.1018320.1032650.1070260.1014610.1013580.1013600.1010900.1010160.1016840.1013190.1003220.1002340.1010440.1010640.099859