
Arquitectura: _10_11_11_11_11_1_
Semilla: 1764929720
Segundos: 135
NIteraciones: 620000

Costo_train: 0.099767
Precision_train: 0.920000
Recall_train: 0.755474
F1_train: 0.829659

Costo_test: 0.140546
Precision_test: 0.822581
Recall_test: 0.750000
F1_test: 0.784615
 
Paso: 0.200000
Gamma: 0.000000
Parada: 0.100000
Iteraciones: 1000000
CapasDesde: 2
CapasHasta: 5
Repeticiones: 5
Intervalo: 10000
MultiplicadorProfunda: 0.700000
Tarjeta: NVIDIA GeForce RTX 3090 Ti

Costos:
0.2330420.2086530.1672590.1383620.1324730.1312140.1270940.1242690.1232410.1200040.1197710.1187660.1145520.1146680.1129610.1128640.1119300.1114430.1115880.1125400.1105640.1244420.1163250.1097790.1097850.1094950.1092940.1090870.1089030.1087210.1085550.1083910.1082250.1080520.1078670.1076740.1074730.1072600.1070290.1067850.1064480.1073970.1047670.1040780.1042630.1031410.1025530.1021120.1018750.1019260.1016080.1017040.1016940.1009170.1008530.1005250.1018940.1014080.1000860.1012640.1012490.099767