
Arquitectura: _10_11_11_1_
Semilla: 1764927171
Segundos: 97
NIteraciones: 360000

Costo_train: 0.098695
Precision_train: 0.880658
Recall_train: 0.781022
F1_train: 0.827853

Costo_test: 0.126120
Precision_test: 0.836066
Recall_test: 0.750000
F1_test: 0.790698
 
Paso: 0.200000
Gamma: 0.000000
Parada: 0.100000
Iteraciones: 1000000
CapasDesde: 2
CapasHasta: 5
Repeticiones: 5
Intervalo: 10000
MultiplicadorProfunda: 0.700000
Tarjeta: NVIDIA GeForce RTX 3090 Ti

Costos:
0.1548940.1337850.1286960.1257300.1223200.1202980.1155030.1152760.1233190.1145330.1132810.1159490.1199920.1123500.1110400.1101860.1100130.1090670.1088950.1085360.1077850.1075590.1070610.1062690.1057450.1052040.1046760.1047110.1035700.1026380.1019820.1004380.1057620.1076660.1063410.098695