
Arquitectura: _10_11_11_11_11_11_1_
Semilla: 1764930494
Segundos: 240
NIteraciones: 950000

Costo_train: 0.099845
Precision_train: 0.856031
Recall_train: 0.802920
F1_train: 0.828625

Costo_test: 0.144828
Precision_test: 0.781250
Recall_test: 0.735294
F1_test: 0.757576
 
Paso: 0.200000
Gamma: 0.000000
Parada: 0.100000
Iteraciones: 1000000
CapasDesde: 2
CapasHasta: 5
Repeticiones: 5
Intervalo: 10000
MultiplicadorProfunda: 0.700000
Tarjeta: NVIDIA GeForce RTX 3090 Ti

Costos:
0.2365370.2363660.2360220.2350670.2305330.2091110.1837870.1404120.1407570.1312610.1276720.1253960.1198980.1260300.1191550.1184850.1182050.1178420.1169750.1166780.1163630.1162260.1160860.1294370.1157260.1164160.1236650.1151920.1157790.1154120.1152030.1149590.1148890.1146270.1143960.1142730.1139580.1136990.1142080.1134260.1131880.1130500.1130620.1127710.1144230.1129420.1141910.1122530.1122350.1129710.1120180.1156450.1114770.1155080.1116720.1119730.1116000.1109540.1108020.1113590.1224670.1111460.1103680.1102390.1102280.1109260.1097960.1117560.1111600.1096090.1097700.1109290.1097870.1096940.1089010.1083670.1084780.1081640.1062150.1103420.1054310.1059490.1054330.1046490.1054140.1189740.1041770.1028350.1023860.1036730.1030320.1027460.1006890.1000580.099845