
Arquitectura: _10_11_11_11_11_11_1_
Semilla: 1764930044
Segundos: 87
NIteraciones: 330000

Costo_train: 0.098048
Precision_train: 0.905983
Recall_train: 0.773723
F1_train: 0.834646

Costo_test: 0.138677
Precision_test: 0.830508
Recall_test: 0.720588
F1_test: 0.771654
 
Paso: 0.200000
Gamma: 0.000000
Parada: 0.100000
Iteraciones: 1000000
CapasDesde: 2
CapasHasta: 5
Repeticiones: 5
Intervalo: 10000
MultiplicadorProfunda: 0.700000
Tarjeta: NVIDIA GeForce RTX 3090 Ti

Costos:
0.2365790.2363920.2360030.2348230.2271500.2041380.1456630.1352740.1292610.1246320.1226170.1188840.1171130.1198290.1161020.1124370.1114570.1108350.1099440.1094020.1162910.1086780.1131440.1047880.1137300.1101180.1042240.1010740.1027000.1038670.1045120.1042980.098048