
Arquitectura: _10_11_11_11_11_1_
Semilla: 1764929365
Segundos: 177
NIteraciones: 400000

Costo_train: 0.099876
Precision_train: 0.930233
Recall_train: 0.729927
F1_train: 0.817996

Costo_test: 0.134078
Precision_test: 0.839286
Recall_test: 0.691176
F1_test: 0.758065
 
Paso: 0.200000
Gamma: 0.000000
Parada: 0.100000
Iteraciones: 1000000
CapasDesde: 2
CapasHasta: 5
Repeticiones: 5
Intervalo: 10000
MultiplicadorProfunda: 0.700000
Tarjeta: NVIDIA GeForce RTX 3090 Ti

Costos:
0.2285140.2078590.2004940.1472280.1411750.1360440.1261160.1186300.1164410.1156520.1185090.1142730.1136770.1132430.1128770.1123570.1120180.1116990.1161380.1112940.1107740.1099650.1118740.1089470.1109010.1083020.1076850.1059330.1060590.1060190.1048700.1030900.1030770.1025490.1024190.1023340.1024100.1015920.1046280.099876