
Arquitectura: _10_11_11_11_11_11_1_
Semilla: 1764930343
Segundos: 147
NIteraciones: 570000

Costo_train: 0.099933
Precision_train: 0.907080
Recall_train: 0.748175
F1_train: 0.820000

Costo_test: 0.155312
Precision_test: 0.746269
Recall_test: 0.735294
F1_test: 0.740741
 
Paso: 0.200000
Gamma: 0.000000
Parada: 0.100000
Iteraciones: 1000000
CapasDesde: 2
CapasHasta: 5
Repeticiones: 5
Intervalo: 10000
MultiplicadorProfunda: 0.700000
Tarjeta: NVIDIA GeForce RTX 3090 Ti

Costos:
0.2366580.2365730.2364290.2360590.2349090.2289420.2069560.1517430.1389170.1311180.1242250.1217640.1210260.1191070.1179870.1176590.1163500.1156800.1151260.1146320.1141780.1137920.1133660.1128950.1118520.1227510.1089710.1084470.1079450.1094730.1069020.1076140.1057980.1053180.1049150.1042930.1043770.1039700.1040100.1039950.1041170.1042580.1040510.1044820.1046170.1022800.1020830.1013340.1011080.1009570.1008050.1007050.1007250.1018790.1015270.1003260.099933