
Arquitectura: _10_11_11_11_11_1_
Semilla: 1764929553
Segundos: 160
NIteraciones: 670000

Costo_train: 0.099933
Precision_train: 0.890351
Recall_train: 0.740876
F1_train: 0.808765

Costo_test: 0.137037
Precision_test: 0.764706
Recall_test: 0.764706
F1_test: 0.764706
 
Paso: 0.200000
Gamma: 0.000000
Parada: 0.100000
Iteraciones: 1000000
CapasDesde: 2
CapasHasta: 5
Repeticiones: 5
Intervalo: 10000
MultiplicadorProfunda: 0.700000
Tarjeta: NVIDIA GeForce RTX 3090 Ti

Costos:
0.2328270.2084920.1932090.1398090.1320840.1293810.1306530.1266700.1192210.1178730.1164270.1157470.1147590.1140540.1133590.1127520.1120600.1114330.1110090.1102760.1096860.1091700.1087400.1097200.1080170.1095500.1079060.1084050.1065660.1061980.1087110.1080860.1082700.1074220.1049810.1047680.1041410.1038760.1056910.1034810.1054600.1054310.1042940.1028430.1026600.1025310.1024000.1023440.1021830.1036230.1019260.1018530.1018000.1015820.1014850.1015250.1040900.1051850.1038830.1010130.1012870.1008190.1009050.1007240.1023330.1007170.099933