
Arquitectura: _10_11_11_1_
Semilla: 1764927738
Segundos: 79
NIteraciones: 330000

Costo_train: 0.099515
Precision_train: 0.931193
Recall_train: 0.740876
F1_train: 0.825203

Costo_test: 0.131972
Precision_test: 0.816667
Recall_test: 0.720588
F1_test: 0.765625
 
Paso: 0.200000
Gamma: 0.000000
Parada: 0.100000
Iteraciones: 1000000
CapasDesde: 2
CapasHasta: 5
Repeticiones: 5
Intervalo: 10000
MultiplicadorProfunda: 0.700000
Tarjeta: NVIDIA GeForce RTX 3090 Ti

Costos:
0.1431420.1340670.1289720.1256690.1212150.1181420.1137880.1123960.1111890.1107450.1096740.1088750.1082810.1078080.1266040.1070110.1066550.1062350.1057150.1051760.1046990.1042980.1039650.1020820.1027250.1016610.1015110.1006820.1013970.1003490.1005370.1149030.099515