
Arquitectura: _10_11_11_1_
Semilla: 1764927290
Segundos: 426
NIteraciones: 1000000

Costo_train: 0.100469
Precision_train: 0.876033
Recall_train: 0.773723
F1_train: 0.821705

Costo_test: 0.149635
Precision_test: 0.810345
Recall_test: 0.691176
F1_test: 0.746032
 
Paso: 0.200000
Gamma: 0.000000
Parada: 0.100000
Iteraciones: 1000000
CapasDesde: 2
CapasHasta: 5
Repeticiones: 5
Intervalo: 10000
MultiplicadorProfunda: 0.700000
Tarjeta: NVIDIA GeForce RTX 3090 Ti

Costos:
0.1542850.1343890.1285830.1258080.1299450.1186910.1136910.1137820.1111950.1104310.1315600.1084340.1074690.1067450.1061750.1057590.1103340.1069860.1067110.1060310.1059020.1057450.1056010.1054700.1053520.1052480.1051590.1050810.1050100.1049450.1048820.1048210.1047570.1046930.1046260.1045570.1044880.1044200.1043520.1042870.1042240.1041610.1041030.1040480.1039920.1039400.1038880.1038380.1037870.1037390.1036890.1036420.1035940.1035480.1035030.1034590.1034180.1033800.1033410.1033050.1032720.1032380.1032060.1031700.1031350.1030960.1030550.1030140.1029760.1029420.1028770.1015760.1015370.1015140.1014920.1014760.1014560.1014420.1014220.1014090.1013930.1013790.1013650.1013520.1013360.1013250.1013080.1012950.1012820.1012670.1012560.1012410.1012260.1012150.1012000.1011870.1011730.1011590.101144