
Arquitectura: _10_11_11_11_1_
Semilla: 1764928313
Segundos: 207
NIteraciones: 600000

Costo_train: 0.099146
Precision_train: 0.891667
Recall_train: 0.781022
F1_train: 0.832685

Costo_test: 0.149938
Precision_test: 0.803279
Recall_test: 0.720588
F1_test: 0.759690
 
Paso: 0.200000
Gamma: 0.000000
Parada: 0.100000
Iteraciones: 1000000
CapasDesde: 2
CapasHasta: 5
Repeticiones: 5
Intervalo: 10000
MultiplicadorProfunda: 0.700000
Tarjeta: NVIDIA GeForce RTX 3090 Ti

Costos:
0.1955540.1398390.1329520.1295600.1285880.1223950.1207460.1190840.1180580.1167610.1158790.1152590.1144350.1126640.1130550.1127130.1125060.1121480.1121040.1116220.1119880.1230940.1111460.1110560.1108280.1101550.1159490.1094810.1085690.1086060.1079930.1139780.1069450.1210720.1114590.1063650.1085410.1076050.1073740.1071360.1054500.1055420.1049560.1062630.1061610.1058380.1058400.1041260.1048540.1039130.1045420.1042350.1046460.1038560.1016500.1024600.1015860.1010880.1006980.099146