
Arquitectura: _10_11_11_11_1_
Semilla: 1764928531
Segundos: 167
NIteraciones: 480000

Costo_train: 0.099849
Precision_train: 0.872951
Recall_train: 0.777372
F1_train: 0.822394

Costo_test: 0.140788
Precision_test: 0.819672
Recall_test: 0.735294
F1_test: 0.775194
 
Paso: 0.200000
Gamma: 0.000000
Parada: 0.100000
Iteraciones: 1000000
CapasDesde: 2
CapasHasta: 5
Repeticiones: 5
Intervalo: 10000
MultiplicadorProfunda: 0.700000
Tarjeta: NVIDIA GeForce RTX 3090 Ti

Costos:
0.1539970.1391620.1324760.1275980.1192730.1162230.1184160.1147420.1141230.1135860.1128790.1122780.1121540.1117070.1090160.1083860.1079790.1072500.1067490.1063240.1083300.1062880.1056280.1050500.1045780.1041740.1038190.1034980.1032030.1034780.1087430.1029560.1024350.1019630.1017700.1008120.1014800.1012460.1005190.1009790.1012880.1002830.1012440.1002770.1002790.1003150.1010440.099849