
Arquitectura: _30_62_1_
Semilla: 1764693342
Segundos: 2
NIteraciones: 10000

Costo_train: 0.077904
Precision_train: 0.899351
Recall_train: 0.968531
F1_train: 0.932660

Costo_test: 0.044731
Precision_test: 0.934211
Recall_test: 1.000000
F1_test: 0.965986
 
Paso: 0.200000
Gamma: 0.000000
Parada: 0.100000
Iteraciones: 1000000
CapasDesde: 2
CapasHasta: 3
Repeticiones: 5
Intervalo: 10000
MultiplicadorProfunda: 0.700000
Tarjeta: NVIDIA GeForce GTX 950M

Costos:
0.077904