
Arquitectura: _30_62_1_
Semilla: 1764693307
Segundos: 1
NIteraciones: 10000

Costo_train: 0.078042
Precision_train: 0.904605
Recall_train: 0.961538
F1_train: 0.932203

Costo_test: 0.058252
Precision_test: 0.932432
Recall_test: 0.971831
F1_test: 0.951724
 
Paso: 0.200000
Gamma: 0.000000
Parada: 0.100000
Iteraciones: 1000000
CapasDesde: 2
CapasHasta: 3
Repeticiones: 5
Intervalo: 10000
MultiplicadorProfunda: 0.700000
Tarjeta: NVIDIA GeForce GTX 950M

Costos:
0.078042