
Arquitectura: _30_62_1_
Semilla: 1764693162
Segundos: 123
NIteraciones: 1000000

Costo_train: 0.231726
Precision_train: 0.631347
Recall_train: 1.000000
F1_train: 0.774019

Costo_test: 0.234991
Precision_test: 0.622807
Recall_test: 1.000000
F1_test: 0.767568
 
Paso: 0.200000
Gamma: 0.000000
Parada: 0.100000
Iteraciones: 1000000
CapasDesde: 2
CapasHasta: 3
Repeticiones: 5
Intervalo: 10000
MultiplicadorProfunda: 0.700000
Tarjeta: NVIDIA GeForce GTX 950M

Costos:
0.2319570.2318300.2317900.2317710.2317600.2317540.2317490.2317460.2317430.2317410.2317400.2317380.2317370.2317370.2317350.2317350.2317340.2317340.2317330.2317310.2317310.2317320.2317320.2317310.2317310.2317310.2317300.2317300.2317300.2317290.2317290.2317290.2317290.2317290.2317290.2317290.2317300.2317300.2317300.2317290.2317290.2317290.2317290.2317290.2317290.2317280.2317280.2317280.2317270.2317270.2317270.2317270.2317270.2317270.2317270.2317270.2317270.2317270.2317280.2317280.2317280.2317280.2317270.2317270.2317270.2317270.2317270.2317270.2317270.2317270.2317270.2317270.2317270.2317270.2317270.2317270.2317270.2317270.2317270.2317270.2317270.2317270.2317270.2317270.2317270.2317270.2317270.2317260.2317260.2317260.2317260.2317260.2317260.2317260.2317260.2317260.2317260.2317260.231726