
Arquitectura: _30_62_1_
Semilla: 1764693024
Segundos: 125
NIteraciones: 1000000

Costo_train: 0.231728
Precision_train: 0.631347
Recall_train: 1.000000
F1_train: 0.774019

Costo_test: 0.234991
Precision_test: 0.622807
Recall_test: 1.000000
F1_test: 0.767568
 
Paso: 0.200000
Gamma: 0.000000
Parada: 0.100000
Iteraciones: 1000000
CapasDesde: 2
CapasHasta: 3
Repeticiones: 5
Intervalo: 10000
MultiplicadorProfunda: 0.700000
Tarjeta: NVIDIA GeForce GTX 950M

Costos:
0.2320150.2314710.2318870.2318380.2318100.2317930.2317810.2317730.2317670.2317610.2317580.2317550.2317520.2317500.2317470.2317450.2317440.2317430.2317420.2317410.2317400.2317390.2317400.2317390.2317380.2317370.2317370.2317370.2317360.2317340.2317340.2317340.2317340.2317340.2317340.2317330.2317340.2317340.2317320.2317320.2317320.2317310.2317310.2317310.2317320.2317320.2317320.2317320.2317320.2317310.2317310.2317310.2317310.2317310.2317310.2317300.2317300.2317300.2317300.2317300.2317300.2317300.2317290.2317290.2317290.2317290.2317290.2317290.2317280.2317290.2317290.2317290.2317290.2317290.2317300.2317290.2317290.2317290.2317290.2317290.2317290.2317290.2317290.2317290.2317300.2317290.2317290.2317290.2317290.2317290.2317290.2317290.2317290.2317290.2317290.2317280.2317280.2317280.231728