
Arquitectura: _30_62_1_
Semilla: 1764693299
Segundos: 1
NIteraciones: 10000

Costo_train: 0.089628
Precision_train: 0.863222
Recall_train: 0.993007
F1_train: 0.923577

Costo_test: 0.072011
Precision_test: 0.887500
Recall_test: 1.000000
F1_test: 0.940397
 
Paso: 0.200000
Gamma: 0.000000
Parada: 0.100000
Iteraciones: 1000000
CapasDesde: 2
CapasHasta: 3
Repeticiones: 5
Intervalo: 10000
MultiplicadorProfunda: 0.700000
Tarjeta: NVIDIA GeForce GTX 950M

Costos:
0.089628