
Arquitectura: _2_12_1_
Semilla: 1764789962
Segundos: 346
NIteraciones: 1000000

Costo_train: 0.241346
Precision_train: 0.592751
Recall_train: 0.666667
F1_train: 0.627540

Costo_test: 0.259110
Precision_test: 0.510917
Recall_test: 0.551887
F1_test: 0.530612
 
Paso: 0.200000
Gamma: 0.000000
Parada: 0.100000
Iteraciones: 1000000
CapasDesde: 2
CapasHasta: 5
Repeticiones: 5
Intervalo: 10000
MultiplicadorProfunda: 0.700000
Tarjeta: NVIDIA GeForce RTX 3090 Ti

Costos:
0.2486590.2478920.2475380.2474030.2473170.2472100.2470630.2468850.2467050.2465490.2464190.2463160.2462370.2461770.2461330.2460990.2460720.2460500.2460310.2460120.2459930.2459740.2459520.2459270.2458980.2458630.2458220.2457760.2457320.2456940.2456640.2456380.2456160.2455960.2455770.2455590.2455420.2455250.2455070.2454880.2454660.2454420.2454150.2453850.2453510.2453140.2452720.2452100.2450500.2448010.2445280.2442590.2439900.2437160.2435030.2433240.2431360.2429520.2428150.2427180.2426380.2425670.2425000.2424340.2423670.2423000.2422350.2421750.2421210.2420690.2420200.2419730.2419280.2418860.2418490.2418150.2417830.2417540.2417260.2416990.2416750.2416510.2416280.2416060.2415860.2415660.2415460.2415280.2415100.2414930.2414760.2414610.2414450.2414300.2414150.2414010.2413870.2413740.241360