
Arquitectura: _2_12_1_
Semilla: 1764792699
Segundos: 346
NIteraciones: 1000000

Costo_train: 0.239849
Precision_train: 0.590000
Recall_train: 0.636691
F1_train: 0.612457

Costo_test: 0.258967
Precision_test: 0.520737
Recall_test: 0.533019
F1_test: 0.526807
 
Paso: 0.200000
Gamma: 0.000000
Parada: 0.100000
Iteraciones: 1000000
CapasDesde: 2
CapasHasta: 5
Repeticiones: 5
Intervalo: 10000
MultiplicadorProfunda: 0.700000
Tarjeta: NVIDIA GeForce RTX 3090 Ti

Costos:
0.2487400.2481130.2477100.2474090.2472030.2470270.2468290.2466110.2464040.2462350.2461080.2460100.2459280.2458540.2457830.2457140.2456480.2455830.2455220.2454640.2454090.2453570.2453090.2452630.2452210.2451800.2451410.2451030.2450660.2450260.2449720.2448800.2447570.2446150.2444520.2442440.2439920.2437330.2434870.2432600.2430570.2428790.2427290.2426030.2424940.2423910.2422860.2421830.2420850.2420010.2419320.2418770.2418320.2417950.2417630.2417340.2417070.2416810.2416570.2416340.2416110.2415890.2415670.2415450.2415210.2414960.2414640.2414150.2413200.2411660.2409810.2408120.2406880.2405990.2405310.2404750.2404270.2403850.2403460.2403110.2402780.2402480.2402190.2401930.2401680.2401440.2401210.2401000.2400800.2400600.2400410.2400210.2400020.2399820.2399620.2399410.2399190.2398960.239872