
Arquitectura: _2_15_1_
Semilla: 1764797861
Segundos: 177
NIteraciones: 1000000

Costo_train: 0.237506
Precision_train: 0.597677
Recall_train: 0.678657
F1_train: 0.635598

Costo_test: 0.263200
Precision_test: 0.528139
Recall_test: 0.575472
F1_test: 0.550790
 
Paso: 0.200000
Gamma: 0.000000
Parada: 0.100000
Iteraciones: 1000000
CapasDesde: 2
CapasHasta: 5
Repeticiones: 5
Intervalo: 10000
MultiplicadorProfunda: 0.700000
Tarjeta: NVIDIA GeForce RTX 3090 Ti

Costos:
0.2487430.2479440.2474830.2472660.2470900.2468870.2466320.2463110.2459260.2455140.2451260.2447840.2444910.2442260.2439540.2436950.2434920.2433490.2432460.2431660.2430980.2430360.2429760.2429140.2428510.2427860.2427220.2426590.2425990.2425430.2424900.2424400.2423900.2423430.2422960.2422490.2422010.2421510.2420940.2420090.2417940.2415210.2413310.2412010.2411050.2410270.2409590.2408970.2408390.2407830.2407290.2406760.2406240.2405720.2405210.2404710.2404220.2403750.2403290.2402840.2402410.2401990.2401590.2401190.2400800.2400410.2400030.2399650.2399280.2398910.2398540.2398150.2397740.2397290.2396800.2396250.2395640.2394950.2394190.2393320.2392340.2391240.2390050.2388830.2387660.2386570.2385560.2384640.2383790.2382990.2382240.2381510.2380800.2380090.2379350.2378600.2377810.2376960.237605