
Arquitectura: _2_12_1_
Semilla: 1764791331
Segundos: 345
NIteraciones: 1000000

Costo_train: 0.238400
Precision_train: 0.587302
Recall_train: 0.665468
F1_train: 0.623946

Costo_test: 0.260827
Precision_test: 0.527426
Recall_test: 0.589623
F1_test: 0.556793
 
Paso: 0.200000
Gamma: 0.000000
Parada: 0.100000
Iteraciones: 1000000
CapasDesde: 2
CapasHasta: 5
Repeticiones: 5
Intervalo: 10000
MultiplicadorProfunda: 0.700000
Tarjeta: NVIDIA GeForce RTX 3090 Ti

Costos:
0.2481750.2475450.2472980.2471410.2469420.2467120.2464900.2463000.2461480.2460320.2459420.2458680.2458050.2457450.2456730.2455620.2454390.2453150.2451870.2450520.2449120.2447680.2446170.2444500.2442480.2440120.2437590.2435180.2433110.2431420.2430040.2428870.2427850.2426950.2426150.2425430.2424770.2424160.2423610.2423090.2422620.2422190.2421790.2421430.2421090.2420760.2420470.2420190.2419920.2419660.2419390.2419120.2418840.2418550.2418250.2417930.2417600.2417250.2416890.2416490.2416070.2415640.2415180.2414710.2414230.2413730.2413210.2412660.2412120.2411560.2410960.2410180.2409080.2407460.2404770.2401690.2398890.2396240.2393410.2391530.2390320.2389480.2388850.2388350.2387940.2387580.2387240.2386930.2386640.2386360.2386080.2385820.2385570.2385330.2385100.2384870.2384640.2384410.238420