
Arquitectura: _2_12_1_
Semilla: 1764794070
Segundos: 347
NIteraciones: 1000000

Costo_train: 0.240158
Precision_train: 0.592299
Recall_train: 0.627098
F1_train: 0.609202

Costo_test: 0.260726
Precision_test: 0.495413
Recall_test: 0.509434
F1_test: 0.502326
 
Paso: 0.200000
Gamma: 0.000000
Parada: 0.100000
Iteraciones: 1000000
CapasDesde: 2
CapasHasta: 5
Repeticiones: 5
Intervalo: 10000
MultiplicadorProfunda: 0.700000
Tarjeta: NVIDIA GeForce RTX 3090 Ti

Costos:
0.2485410.2478530.2474540.2472830.2471650.2470360.2468810.2466970.2464760.2461900.2458160.2453940.2449910.2446430.2443540.2441160.2439140.2437320.2435560.2433780.2432050.2430480.2429020.2427520.2426100.2424920.2424000.2423280.2422700.2422230.2421820.2421460.2421130.2420810.2420490.2420190.2419910.2419650.2419410.2419190.2418980.2418780.2418600.2418420.2418250.2418080.2417920.2417760.2417600.2417450.2417290.2417130.2416980.2416810.2416640.2416460.2416270.2416070.2415850.2415620.2415380.2415110.2414830.2414530.2414220.2413880.2413530.2413150.2412760.2412370.2411960.2411550.2411130.2410720.2410320.2409920.2409530.2409140.2408760.2408380.2408010.2407650.2407290.2406940.2406590.2406240.2405900.2405560.2405230.2404890.2404560.2404220.2403880.2403550.2403220.2402890.2402560.2402230.240190