
Arquitectura: _2_12_1_
Semilla: 1764788595
Segundos: 345
NIteraciones: 1000000

Costo_train: 0.240294
Precision_train: 0.584551
Recall_train: 0.671463
F1_train: 0.625000

Costo_test: 0.261516
Precision_test: 0.506438
Recall_test: 0.556604
F1_test: 0.530337
 
Paso: 0.200000
Gamma: 0.000000
Parada: 0.100000
Iteraciones: 1000000
CapasDesde: 2
CapasHasta: 5
Repeticiones: 5
Intervalo: 10000
MultiplicadorProfunda: 0.700000
Tarjeta: NVIDIA GeForce RTX 3090 Ti

Costos:
0.2483110.2477370.2473930.2472150.2470470.2468430.2466020.2463290.2460270.2457010.2453560.2450100.2446890.2444110.2441770.2439830.2438190.2436650.2434880.2432980.2431360.2430140.2429230.2428550.2428010.2427550.2427150.2426780.2426440.2426110.2425770.2425430.2425080.2424720.2424350.2423970.2423580.2423190.2422790.2422380.2421940.2421460.2420930.2420350.2419720.2419060.2418340.2417590.2416860.2416190.2415600.2415090.2414640.2414250.2413900.2413580.2413300.2413040.2412800.2412580.2412380.2412190.2412020.2411850.2411700.2411550.2411410.2411280.2411150.2411030.2410900.2410780.2410660.2410530.2410400.2410260.2410100.2409920.2409720.2409500.2409250.2408990.2408700.2408390.2408050.2407700.2407330.2406950.2406570.2406180.2405800.2405430.2405070.2404730.2404410.2404100.2403790.2403510.240322