
Arquitectura: _2_15_1_
Semilla: 1764796256
Segundos: 174
NIteraciones: 1000000

Costo_train: 0.238194
Precision_train: 0.603712
Recall_train: 0.663070
F1_train: 0.632000

Costo_test: 0.260649
Precision_test: 0.529680
Recall_test: 0.547170
F1_test: 0.538283
 
Paso: 0.200000
Gamma: 0.000000
Parada: 0.100000
Iteraciones: 1000000
CapasDesde: 2
CapasHasta: 5
Repeticiones: 5
Intervalo: 10000
MultiplicadorProfunda: 0.700000
Tarjeta: NVIDIA GeForce RTX 3090 Ti

Costos:
0.2484320.2478560.2475760.2474360.2473460.2471990.2469610.2466660.2463150.2459220.2455220.2451510.2448220.2445350.2442920.2440940.2439360.2438100.2437040.2436010.2434700.2433090.2431560.2430300.2429330.2428570.2427960.2427430.2426940.2426450.2425920.2425290.2424540.2423690.2422810.2421990.2421290.2420710.2420230.2419820.2419480.2419170.2418890.2418640.2418390.2418150.2417920.2417680.2417450.2417200.2416950.2416690.2416420.2416140.2415840.2415520.2415180.2414820.2414430.2414010.2413550.2413050.2412520.2411920.2411250.2410490.2409590.2408510.2407430.2406560.2405840.2405210.2404610.2404030.2403460.2402910.2402370.2401870.2401370.2400830.2400160.2399310.2398390.2397550.2396820.2396140.2395430.2394660.2393820.2392900.2391900.2390790.2389610.2388370.2387130.2385920.2384780.2383740.238279