
Arquitectura: _2_15_1_
Semilla: 1764795416
Segundos: 213
NIteraciones: 1000000

Costo_train: 0.239456
Precision_train: 0.604726
Recall_train: 0.675060
F1_train: 0.637960

Costo_test: 0.263506
Precision_test: 0.518868
Recall_test: 0.518868
F1_test: 0.518868
 
Paso: 0.200000
Gamma: 0.000000
Parada: 0.100000
Iteraciones: 1000000
CapasDesde: 2
CapasHasta: 5
Repeticiones: 5
Intervalo: 10000
MultiplicadorProfunda: 0.700000
Tarjeta: NVIDIA GeForce RTX 3090 Ti

Costos:
0.2484750.2478490.2475090.2473340.2471620.2469410.2466610.2463200.2459330.2455230.2451160.2447430.2444280.2441720.2439590.2437620.2435650.2433880.2432430.2431280.2430380.2429650.2429060.2428570.2428140.2427760.2427410.2427090.2426780.2426480.2426170.2425830.2425470.2425070.2424630.2424160.2423670.2423170.2422660.2422150.2421630.2421120.2420600.2420050.2419450.2418760.2418000.2417190.2416320.2415420.2414510.2413640.2412850.2412140.2411520.2410970.2410450.2409960.2409500.2409050.2408610.2408170.2407710.2407240.2406730.2406180.2405550.2404780.2403830.2402900.2402180.2401620.2401160.2400770.2400420.2400090.2399800.2399520.2399270.2399030.2398810.2398600.2398410.2398220.2398030.2397850.2397650.2397440.2397200.2396940.2396660.2396380.2396100.2395830.2395590.2395360.2395140.2394940.239475