
Arquitectura: _2_15_1_
Semilla: 1764797053
Segundos: 172
NIteraciones: 1000000

Costo_train: 0.239293
Precision_train: 0.603279
Recall_train: 0.661870
F1_train: 0.631218

Costo_test: 0.261036
Precision_test: 0.528037
Recall_test: 0.533019
F1_test: 0.530516
 
Paso: 0.200000
Gamma: 0.000000
Parada: 0.100000
Iteraciones: 1000000
CapasDesde: 2
CapasHasta: 5
Repeticiones: 5
Intervalo: 10000
MultiplicadorProfunda: 0.700000
Tarjeta: NVIDIA GeForce RTX 3090 Ti

Costos:
0.2485560.2479490.2476020.2474490.2473310.2471820.2469820.2467380.2464400.2460930.2457160.2453340.2449750.2446580.2443910.2441740.2439920.2438150.2436440.2434970.2433770.2432830.2432080.2431500.2431020.2430620.2430270.2429950.2429660.2429390.2429110.2428840.2428560.2428270.2427980.2427680.2427390.2427100.2426800.2426510.2426210.2425910.2425620.2425340.2425060.2424790.2424520.2424260.2424000.2423740.2423470.2423200.2422910.2422590.2422180.2421570.2420610.2419310.2417980.2416860.2415970.2415250.2414620.2414030.2413470.2412950.2412460.2412010.2411580.2411180.2410800.2410440.2410100.2409780.2409460.2409150.2408830.2408510.2408170.2407810.2407400.2406900.2406240.2405300.2404190.2403160.2402240.2401390.2400560.2399760.2399000.2398250.2397540.2396840.2396160.2395490.2394830.2394180.239355