
Arquitectura: _2_15_1_
Semilla: 1764798654
Segundos: 87
NIteraciones: 1000000

Costo_train: 0.240436
Precision_train: 0.587002
Recall_train: 0.671463
F1_train: 0.626398

Costo_test: 0.257227
Precision_test: 0.548246
Recall_test: 0.589623
F1_test: 0.568182
 
Paso: 0.200000
Gamma: 0.000000
Parada: 0.100000
Iteraciones: 1000000
CapasDesde: 2
CapasHasta: 5
Repeticiones: 5
Intervalo: 10000
MultiplicadorProfunda: 0.700000
Tarjeta: NVIDIA GeForce RTX 3090 Ti

Costos:
0.2483890.2476700.2472880.2470440.2467630.2464050.2460030.2456070.2452420.2449120.2446260.2443900.2442030.2440520.2439110.2437530.2436100.2434980.2434090.2433360.2432750.2432230.2431760.2431340.2430930.2430540.2430140.2429760.2429380.2429010.2428660.2428330.2428010.2427710.2427430.2427150.2426870.2426590.2426290.2425980.2425660.2425310.2424940.2424550.2424130.2423680.2423210.2422720.2422210.2421680.2421140.2420560.2419970.2419370.2418770.2418180.2417590.2417030.2416480.2415950.2415450.2414960.2414490.2414050.2413620.2413210.2412820.2412430.2412060.2411690.2411330.2410980.2410640.2410290.2409950.2409620.2409280.2408940.2408610.2408290.2407990.2407720.2407480.2407270.2407070.2406890.2406720.2406560.2406400.2406250.2406090.2405930.2405760.2405590.2405420.2405230.2405030.2404820.240459