
Arquitectura: _2_3_3_1_
Semilla: 1764756869
Segundos: 19414
NIteraciones: 1000000

Costo_train: 0.244850
Precision_train: 0.568066
Recall_train: 0.665468
F1_train: 0.612921

Costo_test: 0.250776
Precision_test: 0.536170
Recall_test: 0.594340
F1_test: 0.563758
 
Paso: 0.200000
Gamma: 0.000000
Parada: 0.100000
Iteraciones: 1000000
CapasDesde: 2
CapasHasta: 5
Repeticiones: 5
Intervalo: 10000
MultiplicadorProfunda: 0.700000
Tarjeta: NVIDIA GeForce RTX 3090 Ti

Costos:
0.2495010.2494470.2494070.2493690.2493280.2492830.2492300.2491660.2490850.2489840.2488610.2487200.2485670.2483950.2481850.2479860.2478210.2476890.2475850.2474980.2474230.2473540.2472880.2472210.2471530.2470840.2470130.2469400.2468650.2467890.2467110.2466320.2465530.2464740.2463950.2463170.2462410.2461670.2460960.2460280.2459640.2459040.2458470.2457940.2457450.2456990.2456560.2456160.2455780.2455430.2455100.2454780.2454480.2454200.2453940.2453690.2453450.2453210.2453000.2452790.2452590.2452400.2452230.2452050.2451880.2451720.2451580.2451430.2451290.2451160.2451030.2450910.2450790.2450680.2450570.2450460.2450360.2450260.2450170.2450080.2449980.2449900.2449810.2449730.2449650.2449570.2449490.2449410.2449340.2449270.2449190.2449120.2449050.2448970.2448900.2448820.2448740.2448660.244858