
Arquitectura: _2_3_3_3_3_1_
Semilla: 1764788940
Segundos: 1022
NIteraciones: 1000000

Costo_train: 0.249054
Precision_train: 0.521250
Recall_train: 1.000000
F1_train: 0.685292

Costo_test: 0.250514
Precision_test: 0.530000
Recall_test: 1.000000
F1_test: 0.692810
 
Paso: 0.200000
Gamma: 0.000000
Parada: 0.100000
Iteraciones: 1000000
CapasDesde: 2
CapasHasta: 5
Repeticiones: 5
Intervalo: 10000
MultiplicadorProfunda: 0.700000
Tarjeta: NVIDIA GeForce RTX 3090 Ti

Costos:
0.2495650.2495630.2495600.2495570.2495550.2495530.2495510.2495480.2495470.2495440.2495430.2495410.2495380.2495360.2495340.2495320.2495290.2495270.2495250.2495220.2495190.2495160.2495130.2495100.2495060.2495030.2494990.2494940.2494900.2494850.2494800.2494750.2494700.2494640.2494580.2494520.2494450.2494390.2494330.2494260.2494200.2494130.2494070.2494020.2493970.2493920.2493870.2493830.2493800.2493760.2493730.2493700.2493670.2493640.2493620.2493600.2493570.2493550.2493520.2493490.2493470.2493440.2493410.2493370.2493340.2493300.2493260.2493220.2493170.2493120.2493070.2493020.2492960.2492910.2492850.2492790.2492730.2492660.2492590.2492530.2492450.2492380.2492310.2492230.2492150.2492070.2491980.2491890.2491800.2491700.2491610.2491500.2491400.2491290.2491180.2491060.2490940.2490810.249068