
Arquitectura: _2_3_3_1_
Semilla: 1764778502
Segundos: 1002
NIteraciones: 1000000

Costo_train: 0.246078
Precision_train: 0.560952
Recall_train: 0.706235
F1_train: 0.625265

Costo_test: 0.251700
Precision_test: 0.527778
Recall_test: 0.627358
F1_test: 0.573276
 
Paso: 0.200000
Gamma: 0.000000
Parada: 0.100000
Iteraciones: 1000000
CapasDesde: 2
CapasHasta: 5
Repeticiones: 5
Intervalo: 10000
MultiplicadorProfunda: 0.700000
Tarjeta: NVIDIA GeForce RTX 3090 Ti

Costos:
0.2494270.2493610.2492680.2491420.2489610.2487150.2484230.2481350.2478860.2476880.2475350.2474180.2473270.2472560.2471970.2471490.2471080.2470720.2470400.2470110.2469850.2469620.2469390.2469180.2468990.2468810.2468630.2468460.2468300.2468150.2468000.2467860.2467720.2467590.2467460.2467330.2467210.2467090.2466970.2466850.2466740.2466630.2466520.2466420.2466310.2466210.2466110.2466010.2465910.2465820.2465740.2465650.2465560.2465470.2465390.2465310.2465230.2465150.2465070.2464990.2464920.2464840.2464760.2464680.2464610.2464530.2464450.2464380.2464290.2464210.2464120.2464040.2463950.2463860.2463760.2463670.2463560.2463460.2463360.2463250.2463140.2463030.2462910.2462800.2462680.2462560.2462430.2462310.2462180.2462050.2461920.2461790.2461660.2461530.2461400.2461270.2461140.2461020.246090