
Arquitectura: _2_3_3_3_3_1_
Semilla: 1764791676
Segundos: 1023
NIteraciones: 1000000

Costo_train: 0.247426
Precision_train: 0.547189
Recall_train: 0.653477
F1_train: 0.595628

Costo_test: 0.247646
Precision_test: 0.562232
Recall_test: 0.617925
F1_test: 0.588764
 
Paso: 0.200000
Gamma: 0.000000
Parada: 0.100000
Iteraciones: 1000000
CapasDesde: 2
CapasHasta: 5
Repeticiones: 5
Intervalo: 10000
MultiplicadorProfunda: 0.700000
Tarjeta: NVIDIA GeForce RTX 3090 Ti

Costos:
0.2495500.2495480.2495460.2495440.2495420.2495410.2495390.2495370.2495350.2495340.2495310.2495290.2495270.2495260.2495240.2495220.2495200.2495170.2495150.2495120.2495100.2495080.2495050.2495020.2495000.2494970.2494940.2494910.2494870.2494840.2494810.2494770.2494730.2494680.2494640.2494600.2494550.2494500.2494450.2494390.2494340.2494280.2494220.2494150.2494080.2494010.2493930.2493860.2493780.2493700.2493620.2493530.2493440.2493350.2493260.2493170.2493070.2492980.2492880.2492780.2492670.2492570.2492460.2492360.2492240.2492120.2491990.2491870.2491730.2491580.2491420.2491250.2491070.2490860.2490630.2490360.2490060.2489700.2489280.2488770.2488160.2487430.2486550.2485530.2484380.2483140.2481880.2480690.2479630.2478750.2478040.2477460.2476950.2476500.2476080.2475680.2475300.2474940.247459