
Arquitectura: _2_3_3_1_
Semilla: 1764780108
Segundos: 991
NIteraciones: 1000000

Costo_train: 0.245961
Precision_train: 0.532727
Recall_train: 0.702638
F1_train: 0.605998

Costo_test: 0.249416
Precision_test: 0.549645
Recall_test: 0.731132
F1_test: 0.627530
 
Paso: 0.200000
Gamma: 0.000000
Parada: 0.100000
Iteraciones: 1000000
CapasDesde: 2
CapasHasta: 5
Repeticiones: 5
Intervalo: 10000
MultiplicadorProfunda: 0.700000
Tarjeta: NVIDIA GeForce RTX 3090 Ti

Costos:
0.2494060.2493430.2492970.2492530.2492080.2491590.2491060.2490490.2489900.2489270.2488630.2487950.2487190.2486250.2485010.2483600.2482420.2481630.2481110.2480710.2480330.2479920.2479460.2478960.2478450.2477940.2477440.2476990.2476550.2476150.2475780.2475440.2475120.2474810.2474520.2474250.2473980.2473710.2473460.2473200.2472960.2472710.2472470.2472230.2471990.2471760.2471530.2471300.2471080.2470860.2470660.2470460.2470250.2470050.2469850.2469660.2469470.2469270.2469080.2468880.2468690.2468490.2468290.2468090.2467880.2467650.2467430.2467190.2466950.2466700.2466440.2466170.2465890.2465600.2465310.2465020.2464730.2464430.2464140.2463840.2463550.2463250.2462960.2462680.2462410.2462150.2461900.2461660.2461430.2461220.2461020.2460830.2460650.2460480.2460310.2460160.2460010.2459880.245974