
Arquitectura: _2_3_3_3_3_3_1_
Semilla: 1764798741
Segundos: 324
NIteraciones: 1000000

Costo_train: 0.249541
Precision_train: 0.521250
Recall_train: 1.000000
F1_train: 0.685292

Costo_test: 0.249198
Precision_test: 0.530000
Recall_test: 1.000000
F1_test: 0.692810
 
Paso: 0.200000
Gamma: 0.000000
Parada: 0.100000
Iteraciones: 1000000
CapasDesde: 2
CapasHasta: 5
Repeticiones: 5
Intervalo: 10000
MultiplicadorProfunda: 0.700000
Tarjeta: NVIDIA GeForce RTX 3090 Ti

Costos:
0.2495480.2495480.2495480.2495480.2495480.2495480.2495480.2495480.2495480.2495480.2495480.2495480.2495480.2495480.2495480.2495480.2495480.2495470.2495470.2495470.2495470.2495470.2495470.2495470.2495470.2495470.2495470.2495470.2495470.2495470.2495470.2495470.2495470.2495470.2495470.2495470.2495470.2495470.2495470.2495470.2495460.2495460.2495460.2495460.2495460.2495460.2495460.2495460.2495460.2495460.2495460.2495460.2495460.2495460.2495460.2495460.2495460.2495460.2495450.2495450.2495450.2495450.2495450.2495450.2495450.2495450.2495450.2495450.2495450.2495450.2495440.2495440.2495440.2495440.2495440.2495440.2495440.2495440.2495440.2495430.2495430.2495430.2495430.2495430.2495430.2495430.2495430.2495430.2495420.2495420.2495420.2495420.2495420.2495420.2495410.2495410.2495410.2495410.249541