
Arquitectura: _2_3_3_3_1_
Semilla: 1764781706
Segundos: 1395
NIteraciones: 1000000

Costo_train: 0.246270
Precision_train: 0.567000
Recall_train: 0.679856
F1_train: 0.618321

Costo_test: 0.250197
Precision_test: 0.529167
Recall_test: 0.599057
F1_test: 0.561947
 
Paso: 0.200000
Gamma: 0.000000
Parada: 0.100000
Iteraciones: 1000000
CapasDesde: 2
CapasHasta: 5
Repeticiones: 5
Intervalo: 10000
MultiplicadorProfunda: 0.700000
Tarjeta: NVIDIA GeForce RTX 3090 Ti

Costos:
0.2495520.2495480.2495430.2495390.2495340.2495290.2495250.2495200.2495150.2495110.2495060.2495010.2494960.2494910.2494850.2494790.2494730.2494660.2494590.2494510.2494430.2494330.2494240.2494130.2494030.2493910.2493790.2493640.2493480.2493300.2493080.2492830.2492530.2492180.2491750.2491240.2490620.2489870.2488960.2487860.2486550.2485020.2483290.2481440.2479610.2477920.2476490.2475320.2474370.2473570.2472890.2472280.2471730.2471250.2470820.2470430.2470080.2469770.2469490.2469230.2469000.2468790.2468580.2468400.2468220.2468050.2467890.2467730.2467580.2467430.2467290.2467150.2467010.2466870.2466730.2466600.2466460.2466320.2466180.2466030.2465890.2465740.2465600.2465450.2465290.2465140.2464970.2464810.2464650.2464490.2464320.2464140.2463970.2463790.2463620.2463430.2463250.2463070.246288