
Arquitectura: _2_3_3_3_1_
Semilla: 1764785373
Segundos: 947
NIteraciones: 1000000

Costo_train: 0.246399
Precision_train: 0.567961
Recall_train: 0.701439
F1_train: 0.627682

Costo_test: 0.250120
Precision_test: 0.525000
Recall_test: 0.594340
F1_test: 0.557522
 
Paso: 0.200000
Gamma: 0.000000
Parada: 0.100000
Iteraciones: 1000000
CapasDesde: 2
CapasHasta: 5
Repeticiones: 5
Intervalo: 10000
MultiplicadorProfunda: 0.700000
Tarjeta: NVIDIA GeForce RTX 3090 Ti

Costos:
0.2496010.2495800.2495640.2495510.2495390.2495280.2495180.2495080.2494980.2494860.2494750.2494610.2494470.2494300.2494110.2493890.2493630.2493320.2492960.2492530.2492000.2491350.2490560.2489570.2488380.2486970.2485370.2483720.2482160.2480830.2479770.2478930.2478230.2477610.2477020.2476470.2475930.2475410.2474890.2474400.2473940.2473500.2473090.2472690.2472310.2471930.2471540.2471130.2470720.2470320.2469950.2469610.2469310.2469050.2468820.2468610.2468420.2468240.2468070.2467910.2467750.2467600.2467460.2467320.2467190.2467060.2466930.2466810.2466680.2466560.2466450.2466340.2466230.2466120.2466020.2465910.2465810.2465720.2465620.2465520.2465430.2465340.2465250.2465170.2465090.2465010.2464930.2464850.2464760.2464690.2464610.2464540.2464460.2464390.2464320.2464260.2464190.2464120.246406