
Arquitectura: _2_3_3_3_1_
Semilla: 1764786664
Segundos: 793
NIteraciones: 1000000

Costo_train: 0.246654
Precision_train: 0.565606
Recall_train: 0.682254
F1_train: 0.618478

Costo_test: 0.249962
Precision_test: 0.526531
Recall_test: 0.608491
F1_test: 0.564551
 
Paso: 0.200000
Gamma: 0.000000
Parada: 0.100000
Iteraciones: 1000000
CapasDesde: 2
CapasHasta: 5
Repeticiones: 5
Intervalo: 10000
MultiplicadorProfunda: 0.700000
Tarjeta: NVIDIA GeForce RTX 3090 Ti

Costos:
0.2494760.2494680.2494600.2494530.2494460.2494390.2494330.2494270.2494210.2494160.2494100.2494040.2493990.2493930.2493870.2493800.2493720.2493630.2493520.2493390.2493220.2493010.2492750.2492410.2491970.2491390.2490660.2489710.2488540.2487160.2485660.2484120.2482640.2481230.2479890.2478650.2477590.2476700.2475960.2475330.2474780.2474280.2473810.2473390.2473000.2472630.2472290.2471970.2471670.2471380.2471120.2470880.2470650.2470440.2470250.2470070.2469910.2469760.2469620.2469490.2469360.2469250.2469140.2469030.2468930.2468840.2468740.2468650.2468560.2468470.2468390.2468310.2468230.2468150.2468080.2468010.2467940.2467870.2467800.2467730.2467670.2467600.2467540.2467470.2467410.2467350.2467290.2467230.2467170.2467110.2467050.2466990.2466940.2466880.2466830.2466770.2466710.2466650.246660