
Arquitectura: _2_3_3_1_
Semilla: 1764776901
Segundos: 1000
NIteraciones: 1000000

Costo_train: 0.245333
Precision_train: 0.566154
Recall_train: 0.661870
F1_train: 0.610282

Costo_test: 0.250186
Precision_test: 0.542222
Recall_test: 0.575472
F1_test: 0.558352
 
Paso: 0.200000
Gamma: 0.000000
Parada: 0.100000
Iteraciones: 1000000
CapasDesde: 2
CapasHasta: 5
Repeticiones: 5
Intervalo: 10000
MultiplicadorProfunda: 0.700000
Tarjeta: NVIDIA GeForce RTX 3090 Ti

Costos:
0.2493660.2492090.2490210.2487930.2485260.2482500.2480060.2478130.2476620.2475470.2474610.2473950.2473440.2473010.2472640.2472310.2472010.2471730.2471450.2471190.2470940.2470690.2470460.2470230.2470000.2469770.2469560.2469340.2469130.2468920.2468710.2468510.2468300.2468100.2467910.2467710.2467520.2467330.2467140.2466960.2466780.2466600.2466420.2466250.2466080.2465910.2465740.2465570.2465410.2465250.2465090.2464930.2464780.2464620.2464470.2464310.2464160.2464000.2463850.2463700.2463550.2463400.2463250.2463110.2462960.2462820.2462680.2462550.2462410.2462270.2462130.2461990.2461840.2461680.2461520.2461350.2461160.2460970.2460760.2460530.2460290.2460040.2459760.2459470.2459150.2458820.2458460.2458080.2457680.2457270.2456830.2456390.2455950.2455520.2455100.2454690.2454310.2453960.245363