
Arquitectura: _2_3_3_3_3_3_1_
Semilla: 1764798038
Segundos: 616
NIteraciones: 1000000

Costo_train: 0.249490
Precision_train: 0.521250
Recall_train: 1.000000
F1_train: 0.685292

Costo_test: 0.249428
Precision_test: 0.530000
Recall_test: 1.000000
F1_test: 0.692810
 
Paso: 0.200000
Gamma: 0.000000
Parada: 0.100000
Iteraciones: 1000000
CapasDesde: 2
CapasHasta: 5
Repeticiones: 5
Intervalo: 10000
MultiplicadorProfunda: 0.700000
Tarjeta: NVIDIA GeForce RTX 3090 Ti

Costos:
0.2495450.2495450.2495440.2495440.2495440.2495440.2495440.2495440.2495440.2495440.2495440.2495430.2495430.2495430.2495430.2495430.2495430.2495430.2495420.2495420.2495420.2495420.2495420.2495420.2495410.2495410.2495410.2495410.2495400.2495410.2495400.2495400.2495390.2495400.2495390.2495390.2495390.2495390.2495380.2495380.2495380.2495370.2495370.2495370.2495360.2495360.2495360.2495360.2495350.2495350.2495340.2495340.2495340.2495330.2495330.2495320.2495320.2495310.2495310.2495300.2495300.2495290.2495290.2495290.2495280.2495270.2495270.2495260.2495260.2495250.2495240.2495230.2495230.2495220.2495210.2495200.2495190.2495180.2495180.2495170.2495160.2495150.2495140.2495130.2495120.2495110.2495090.2495080.2495070.2495050.2495040.2495030.2495010.2495000.2494980.2494970.2494950.2494930.249491