
Arquitectura: _2_3_3_3_3_1_
Semilla: 1764793045
Segundos: 1025
NIteraciones: 1000000

Costo_train: 0.249085
Precision_train: 0.526353
Recall_train: 0.886091
F1_train: 0.660411

Costo_test: 0.250534
Precision_test: 0.513889
Recall_test: 0.872642
F1_test: 0.646853
 
Paso: 0.200000
Gamma: 0.000000
Parada: 0.100000
Iteraciones: 1000000
CapasDesde: 2
CapasHasta: 5
Repeticiones: 5
Intervalo: 10000
MultiplicadorProfunda: 0.700000
Tarjeta: NVIDIA GeForce RTX 3090 Ti

Costos:
0.2495360.2495330.2495290.2495260.2495220.2495190.2495150.2495110.2495070.2495030.2494990.2494950.2494900.2494850.2494810.2494750.2494700.2494650.2494600.2494550.2494490.2494440.2494390.2494330.2494280.2494230.2494180.2494130.2494080.2494040.2494000.2493960.2493920.2493880.2493850.2493820.2493790.2493760.2493730.2493700.2493680.2493650.2493630.2493610.2493580.2493560.2493540.2493520.2493490.2493470.2493450.2493420.2493400.2493380.2493360.2493340.2493320.2493300.2493280.2493250.2493230.2493210.2493180.2493160.2493130.2493100.2493080.2493050.2493020.2492990.2492960.2492930.2492900.2492870.2492830.2492790.2492760.2492710.2492670.2492630.2492580.2492540.2492480.2492430.2492380.2492320.2492250.2492180.2492120.2492040.2491960.2491870.2491780.2491680.2491570.2491460.2491330.2491180.249103