
Arquitectura: _2_3_3_3_3_3_1_
Semilla: 1764796430
Segundos: 623
NIteraciones: 1000000

Costo_train: 0.249548
Precision_train: 0.521250
Recall_train: 1.000000
F1_train: 0.685292

Costo_test: 0.249177
Precision_test: 0.530000
Recall_test: 1.000000
F1_test: 0.692810
 
Paso: 0.200000
Gamma: 0.000000
Parada: 0.100000
Iteraciones: 1000000
CapasDesde: 2
CapasHasta: 5
Repeticiones: 5
Intervalo: 10000
MultiplicadorProfunda: 0.700000
Tarjeta: NVIDIA GeForce RTX 3090 Ti

Costos:
0.2495520.2495520.2495520.2495520.2495520.2495520.2495520.2495520.2495510.2495510.2495510.2495510.2495510.2495510.2495510.2495510.2495510.2495510.2495510.2495510.2495510.2495510.2495510.2495510.2495510.2495510.2495500.2495510.2495510.2495510.2495510.2495500.2495500.2495510.2495500.2495500.2495500.2495500.2495500.2495500.2495500.2495500.2495500.2495500.2495500.2495500.2495500.2495500.2495500.2495500.2495500.2495500.2495500.2495500.2495500.2495500.2495500.2495500.2495490.2495490.2495500.2495490.2495490.2495490.2495490.2495490.2495490.2495490.2495490.2495490.2495490.2495490.2495490.2495490.2495490.2495490.2495490.2495490.2495490.2495490.2495490.2495490.2495490.2495490.2495490.2495490.2495490.2495490.2495490.2495490.2495490.2495490.2495490.2495490.2495490.2495490.2495490.2495490.249549