
Arquitectura: _2_3_3_3_1_
Semilla: 1764787802
Segundos: 793
NIteraciones: 1000000

Costo_train: 0.246611
Precision_train: 0.564103
Recall_train: 0.685851
F1_train: 0.619048

Costo_test: 0.249870
Precision_test: 0.524590
Recall_test: 0.603774
F1_test: 0.561403
 
Paso: 0.200000
Gamma: 0.000000
Parada: 0.100000
Iteraciones: 1000000
CapasDesde: 2
CapasHasta: 5
Repeticiones: 5
Intervalo: 10000
MultiplicadorProfunda: 0.700000
Tarjeta: NVIDIA GeForce RTX 3090 Ti

Costos:
0.2496060.2495840.2495680.2495550.2495440.2495350.2495270.2495200.2495140.2495070.2495020.2494960.2494910.2494860.2494800.2494750.2494690.2494620.2494540.2494450.2494350.2494210.2494050.2493850.2493580.2493220.2492740.2492080.2491180.2489950.2488350.2486440.2484390.2482460.2480820.2479490.2478370.2477390.2476470.2475600.2474780.2474020.2473340.2472750.2472250.2471830.2471470.2471160.2470910.2470670.2470470.2470290.2470130.2469980.2469840.2469710.2469590.2469470.2469360.2469250.2469150.2469060.2468960.2468870.2468780.2468690.2468610.2468520.2468440.2468360.2468280.2468200.2468120.2468040.2467960.2467890.2467820.2467740.2467660.2467590.2467510.2467440.2467370.2467290.2467220.2467150.2467070.2467000.2466930.2466850.2466780.2466710.2466630.2466560.2466480.2466410.2466330.2466260.246619