
Arquitectura: _2_3_3_3_3_1_
Semilla: 1764790308
Segundos: 1023
NIteraciones: 1000000

Costo_train: 0.249159
Precision_train: 0.521767
Recall_train: 0.991607
F1_train: 0.683754

Costo_test: 0.250251
Precision_test: 0.530151
Recall_test: 0.995283
F1_test: 0.691803
 
Paso: 0.200000
Gamma: 0.000000
Parada: 0.100000
Iteraciones: 1000000
CapasDesde: 2
CapasHasta: 5
Repeticiones: 5
Intervalo: 10000
MultiplicadorProfunda: 0.700000
Tarjeta: NVIDIA GeForce RTX 3090 Ti

Costos:
0.2495460.2495450.2495450.2495440.2495430.2495430.2495420.2495410.2495410.2495400.2495390.2495380.2495370.2495370.2495360.2495350.2495340.2495330.2495320.2495310.2495310.2495290.2495280.2495270.2495260.2495250.2495240.2495220.2495210.2495190.2495180.2495170.2495150.2495140.2495110.2495100.2495080.2495050.2495030.2495010.2494990.2494960.2494930.2494900.2494870.2494840.2494810.2494780.2494740.2494700.2494660.2494620.2494580.2494530.2494490.2494440.2494390.2494340.2494290.2494240.2494190.2494140.2494080.2494030.2493980.2493930.2493880.2493830.2493790.2493740.2493690.2493640.2493600.2493550.2493510.2493470.2493430.2493380.2493330.2493290.2493240.2493200.2493150.2493100.2493050.2492990.2492930.2492870.2492810.2492740.2492660.2492580.2492500.2492400.2492300.2492190.2492060.2491920.249177