
Arquitectura: _2_3_3_3_1_
Semilla: 1764783645
Segundos: 1205
NIteraciones: 1000000

Costo_train: 0.246482
Precision_train: 0.567327
Recall_train: 0.687050
F1_train: 0.621475

Costo_test: 0.249926
Precision_test: 0.526971
Recall_test: 0.599057
F1_test: 0.560706
 
Paso: 0.200000
Gamma: 0.000000
Parada: 0.100000
Iteraciones: 1000000
CapasDesde: 2
CapasHasta: 5
Repeticiones: 5
Intervalo: 10000
MultiplicadorProfunda: 0.700000
Tarjeta: NVIDIA GeForce RTX 3090 Ti

Costos:
0.2495360.2495330.2495280.2495230.2495160.2495070.2494960.2494830.2494690.2494530.2494360.2494190.2493990.2493790.2493560.2493310.2493000.2492630.2492160.2491560.2490780.2489780.2488510.2486980.2485210.2483320.2481470.2479840.2478500.2477450.2476620.2475940.2475360.2474860.2474410.2474000.2473640.2473310.2473010.2472740.2472490.2472260.2472050.2471860.2471680.2471510.2471350.2471200.2471050.2470900.2470760.2470610.2470460.2470300.2470140.2469970.2469800.2469620.2469440.2469270.2469090.2468930.2468780.2468620.2468480.2468350.2468220.2468100.2467980.2467860.2467750.2467640.2467540.2467430.2467330.2467230.2467130.2467040.2466940.2466840.2466750.2466650.2466560.2466450.2466360.2466250.2466160.2466060.2465960.2465860.2465750.2465650.2465550.2465440.2465340.2465240.2465140.2465030.246493