
Arquitectura: _2_3_3_1_
Semilla: 1764755267
Segundos: 1002
NIteraciones: 1000000

Costo_train: 0.244651
Precision_train: 0.565708
Recall_train: 0.660671
F1_train: 0.609513

Costo_test: 0.251845
Precision_test: 0.544643
Recall_test: 0.575472
F1_test: 0.559633
 
Paso: 0.200000
Gamma: 0.000000
Parada: 0.100000
Iteraciones: 1000000
CapasDesde: 2
CapasHasta: 5
Repeticiones: 5
Intervalo: 10000
MultiplicadorProfunda: 0.700000
Tarjeta: NVIDIA GeForce RTX 3090 Ti

Costos:
0.2493680.2493290.2492890.2492480.2492050.2491530.2490840.2489800.2488070.2485460.2482610.2480280.2478620.2477430.2476510.2475750.2475080.2474490.2473970.2473490.2473060.2472680.2472330.2472020.2471740.2471490.2471260.2471040.2470840.2470650.2470470.2470290.2470110.2469940.2469770.2469600.2469430.2469260.2469090.2468920.2468750.2468570.2468400.2468220.2468040.2467860.2467670.2467480.2467290.2467090.2466890.2466680.2466470.2466240.2466020.2465780.2465540.2465290.2465030.2464760.2464480.2464190.2463890.2463570.2463230.2462870.2462480.2462060.2461620.2461140.2460630.2460100.2459530.2458940.2458340.2457720.2457110.2456500.2455900.2455320.2454760.2454210.2453690.2453190.2452710.2452240.2451780.2451320.2450860.2450410.2449950.2449510.2449080.2448660.2448270.2447880.2447510.2447160.244683