
Arquitectura: _2_3_3_3_3_1_
Semilla: 1764794417
Segundos: 999
NIteraciones: 1000000

Costo_train: 0.249117
Precision_train: 0.529289
Recall_train: 0.910072
F1_train: 0.669312

Costo_test: 0.250730
Precision_test: 0.521739
Recall_test: 0.905660
F1_test: 0.662069
 
Paso: 0.200000
Gamma: 0.000000
Parada: 0.100000
Iteraciones: 1000000
CapasDesde: 2
CapasHasta: 5
Repeticiones: 5
Intervalo: 10000
MultiplicadorProfunda: 0.700000
Tarjeta: NVIDIA GeForce RTX 3090 Ti

Costos:
0.2495370.2495360.2495360.2495350.2495340.2495340.2495330.2495330.2495320.2495310.2495310.2495300.2495290.2495280.2495280.2495270.2495260.2495250.2495240.2495230.2495220.2495210.2495200.2495190.2495180.2495160.2495150.2495140.2495120.2495100.2495090.2495070.2495060.2495030.2495020.2495000.2494970.2494950.2494930.2494900.2494870.2494850.2494820.2494790.2494760.2494720.2494690.2494650.2494620.2494580.2494540.2494500.2494460.2494420.2494380.2494340.2494300.2494260.2494220.2494180.2494140.2494100.2494060.2494030.2493990.2493950.2493920.2493880.2493840.2493800.2493760.2493720.2493680.2493640.2493600.2493550.2493500.2493450.2493400.2493340.2493290.2493230.2493170.2493100.2493030.2492950.2492880.2492800.2492710.2492620.2492510.2492400.2492280.2492160.2492030.2491880.2491720.2491550.249137