
Arquitectura: _2_6_1_
Semilla: 1764776283
Segundos: 618
NIteraciones: 1000000

Costo_train: 0.244584
Precision_train: 0.568797
Recall_train: 0.629496
F1_train: 0.597610

Costo_test: 0.251543
Precision_test: 0.544248
Recall_test: 0.580189
F1_test: 0.561644
 
Paso: 0.200000
Gamma: 0.000000
Parada: 0.100000
Iteraciones: 1000000
CapasDesde: 2
CapasHasta: 5
Repeticiones: 5
Intervalo: 10000
MultiplicadorProfunda: 0.700000
Tarjeta: NVIDIA GeForce RTX 3090 Ti

Costos:
0.2484200.2479540.2476670.2474900.2473660.2472550.2471430.2470210.2468890.2467500.2466060.2464740.2463640.2462740.2462030.2461430.2460910.2460440.2460020.2459610.2459230.2458860.2458520.2458190.2457890.2457610.2457360.2457120.2456900.2456700.2456520.2456350.2456190.2456040.2455910.2455780.2455650.2455540.2455430.2455320.2455210.2455110.2455020.2454920.2454820.2454730.2454640.2454550.2454460.2454370.2454280.2454190.2454100.2454020.2453930.2453830.2453750.2453660.2453570.2453480.2453380.2453300.2453200.2453110.2453020.2452920.2452830.2452730.2452630.2452520.2452410.2452310.2452190.2452080.2451950.2451810.2451650.2451470.2451230.2450940.2450600.2450230.2449860.2449480.2449130.2448790.2448470.2448170.2447900.2447650.2447410.2447190.2446980.2446790.2446620.2446450.2446280.2446130.244598