
Arquitectura: _2_6_1_
Semilla: 1764754681
Segundos: 586
NIteraciones: 1000000

Costo_train: 0.244585
Precision_train: 0.567762
Recall_train: 0.663070
F1_train: 0.611726

Costo_test: 0.250693
Precision_test: 0.538776
Recall_test: 0.622642
F1_test: 0.577681
 
Paso: 0.200000
Gamma: 0.000000
Parada: 0.100000
Iteraciones: 1000000
CapasDesde: 2
CapasHasta: 5
Repeticiones: 5
Intervalo: 10000
MultiplicadorProfunda: 0.700000
Tarjeta: NVIDIA GeForce RTX 3090 Ti

Costos:
0.2486290.2477520.2474170.2472400.2470550.2468480.2466620.2465200.2464200.2463500.2463020.2462680.2462430.2462230.2462060.2461910.2461770.2461630.2461500.2461350.2461210.2461060.2460890.2460710.2460520.2460310.2460090.2459870.2459640.2459410.2459180.2458950.2458720.2458480.2458230.2457980.2457720.2457460.2457200.2456930.2456670.2456430.2456190.2455970.2455770.2455590.2455420.2455270.2455130.2454990.2454870.2454750.2454640.2454540.2454450.2454350.2454270.2454190.2454110.2454030.2453950.2453880.2453800.2453720.2453650.2453570.2453490.2453400.2453290.2453180.2453050.2452910.2452770.2452620.2452480.2452340.2452170.2451930.2451590.2451090.2450560.2450080.2449660.2449280.2448940.2448620.2448340.2448080.2447830.2447610.2447390.2447190.2447000.2446820.2446640.2446470.2446310.2446150.244600