
Arquitectura: _2_6_1_
Semilla: 1764777901
Segundos: 601
NIteraciones: 1000000

Costo_train: 0.245233
Precision_train: 0.572210
Recall_train: 0.627098
F1_train: 0.598398

Costo_test: 0.250258
Precision_test: 0.524664
Recall_test: 0.551887
F1_test: 0.537931
 
Paso: 0.200000
Gamma: 0.000000
Parada: 0.100000
Iteraciones: 1000000
CapasDesde: 2
CapasHasta: 5
Repeticiones: 5
Intervalo: 10000
MultiplicadorProfunda: 0.700000
Tarjeta: NVIDIA GeForce RTX 3090 Ti

Costos:
0.2483910.2480280.2477990.2475810.2473960.2472520.2471560.2470920.2470480.2470140.2469860.2469620.2469390.2469180.2468990.2468810.2468640.2468470.2468320.2468170.2468030.2467890.2467760.2467620.2467490.2467370.2467240.2467120.2466990.2466870.2466750.2466630.2466510.2466390.2466270.2466160.2466040.2465930.2465810.2465690.2465580.2465440.2465300.2465060.2464070.2461070.2459170.2458100.2457420.2456950.2456580.2456280.2456030.2455800.2455600.2455420.2455250.2455100.2454960.2454840.2454710.2454600.2454490.2454390.2454300.2454210.2454130.2454040.2453970.2453900.2453830.2453760.2453700.2453640.2453580.2453520.2453470.2453410.2453360.2453310.2453260.2453210.2453170.2453120.2453070.2453030.2452980.2452940.2452890.2452840.2452790.2452750.2452700.2452650.2452600.2452540.2452490.2452440.245238