
Arquitectura: _2_6_1_
Semilla: 1764779504
Segundos: 604
NIteraciones: 1000000

Costo_train: 0.244910
Precision_train: 0.569743
Recall_train: 0.636691
F1_train: 0.601359

Costo_test: 0.251159
Precision_test: 0.515695
Recall_test: 0.542453
F1_test: 0.528736
 
Paso: 0.200000
Gamma: 0.000000
Parada: 0.100000
Iteraciones: 1000000
CapasDesde: 2
CapasHasta: 5
Repeticiones: 5
Intervalo: 10000
MultiplicadorProfunda: 0.700000
Tarjeta: NVIDIA GeForce RTX 3090 Ti

Costos:
0.2485420.2480320.2476080.2472830.2470540.2468550.2466780.2465270.2464060.2463120.2462410.2461870.2461440.2461070.2460730.2460410.2460110.2459820.2459550.2459280.2459020.2458770.2458520.2458280.2458050.2457820.2457590.2457370.2457170.2456960.2456760.2456570.2456380.2456210.2456040.2455880.2455720.2455570.2455420.2455290.2455150.2455030.2454910.2454790.2454680.2454570.2454470.2454370.2454270.2454180.2454090.2454000.2453920.2453840.2453750.2453670.2453590.2453510.2453430.2453360.2453280.2453200.2453120.2453040.2452950.2452870.2452780.2452680.2452590.2452490.2452380.2452260.2452140.2452010.2451880.2451740.2451590.2451430.2451270.2451100.2450930.2450760.2450600.2450440.2450290.2450150.2450020.2449900.2449790.2449700.2449610.2449530.2449460.2449390.2449330.2449280.2449230.2449180.244914