
Arquitectura: _2_6_1_
Semilla: 1764756269
Segundos: 600
NIteraciones: 1000000

Costo_train: 0.244487
Precision_train: 0.564815
Recall_train: 0.658273
F1_train: 0.607973

Costo_test: 0.250355
Precision_test: 0.542857
Recall_test: 0.627358
F1_test: 0.582057
 
Paso: 0.200000
Gamma: 0.000000
Parada: 0.100000
Iteraciones: 1000000
CapasDesde: 2
CapasHasta: 5
Repeticiones: 5
Intervalo: 10000
MultiplicadorProfunda: 0.700000
Tarjeta: NVIDIA GeForce RTX 3090 Ti

Costos:
0.2485900.2480650.2476620.2473730.2471650.2469670.2467530.2465450.2463720.2462420.2461450.2460710.2460120.2459630.2459200.2458840.2458500.2458200.2457930.2457680.2457440.2457230.2457030.2456840.2456660.2456490.2456320.2456160.2456020.2455870.2455730.2455600.2455470.2455340.2455210.2455090.2454970.2454850.2454730.2454610.2454500.2454380.2454270.2454170.2454060.2453960.2453860.2453760.2453670.2453580.2453490.2453410.2453330.2453240.2453170.2453090.2453010.2452940.2452870.2452800.2452730.2452650.2452570.2452490.2452370.2452220.2451980.2451630.2451230.2450850.2450460.2450070.2449660.2449220.2448740.2448210.2447700.2447240.2446880.2446600.2446380.2446220.2446100.2446000.2445910.2445830.2445750.2445680.2445610.2445540.2445470.2445410.2445340.2445270.2445200.2445140.2445070.2445010.244494