
Arquitectura: _2_9_1_
Semilla: 1764786320
Segundos: 344
NIteraciones: 1000000

Costo_train: 0.241970
Precision_train: 0.584444
Recall_train: 0.630695
F1_train: 0.606690

Costo_test: 0.256768
Precision_test: 0.504386
Recall_test: 0.542453
F1_test: 0.522727
 
Paso: 0.200000
Gamma: 0.000000
Parada: 0.100000
Iteraciones: 1000000
CapasDesde: 2
CapasHasta: 5
Repeticiones: 5
Intervalo: 10000
MultiplicadorProfunda: 0.700000
Tarjeta: NVIDIA GeForce RTX 3090 Ti

Costos:
0.2489630.2483080.2478320.2475190.2473490.2471730.2469620.2467360.2465030.2462550.2459860.2456980.2454050.2451200.2448560.2446230.2444320.2442780.2441550.2440570.2439770.2439100.2438510.2437990.2437510.2437040.2436570.2436110.2435670.2435250.2434880.2434550.2434260.2433990.2433730.2433500.2433260.2433040.2432810.2432590.2432370.2432160.2431950.2431740.2431530.2431320.2431110.2430900.2430670.2430430.2430150.2429770.2429220.2428470.2427630.2426900.2426340.2425920.2425590.2425310.2425060.2424820.2424610.2424400.2424200.2424010.2423840.2423670.2423510.2423350.2423200.2423060.2422920.2422790.2422650.2422530.2422400.2422280.2422160.2422040.2421920.2421800.2421680.2421570.2421450.2421340.2421220.2421100.2420980.2420870.2420750.2420630.2420520.2420400.2420280.2420170.2420050.2419930.241982