
Arquitectura: _2_9_1_
Semilla: 1764781099
Segundos: 607
NIteraciones: 1000000

Costo_train: 0.244406
Precision_train: 0.560949
Recall_train: 0.623501
F1_train: 0.590574

Costo_test: 0.250224
Precision_test: 0.554622
Recall_test: 0.622642
F1_test: 0.586667
 
Paso: 0.200000
Gamma: 0.000000
Parada: 0.100000
Iteraciones: 1000000
CapasDesde: 2
CapasHasta: 5
Repeticiones: 5
Intervalo: 10000
MultiplicadorProfunda: 0.700000
Tarjeta: NVIDIA GeForce RTX 3090 Ti

Costos:
0.2485070.2479730.2476030.2474000.2472300.2470580.2468880.2467250.2465760.2464480.2463480.2462720.2462140.2461690.2461330.2461020.2460740.2460480.2460220.2459960.2459680.2459380.2459050.2458690.2458300.2457890.2457480.2457120.2456800.2456520.2456280.2456050.2455860.2455670.2455490.2455330.2455170.2455030.2454880.2454740.2454610.2454490.2454360.2454250.2454130.2454030.2453920.2453830.2453730.2453640.2453560.2453480.2453400.2453320.2453250.2453190.2453120.2453060.2452990.2452930.2452880.2452830.2452770.2452720.2452670.2452620.2452570.2452520.2452480.2452430.2452390.2452350.2452300.2452260.2452210.2452170.2452120.2452070.2452030.2451980.2451930.2451870.2451810.2451750.2451660.2451570.2451430.2451230.2450920.2450440.2449720.2448800.2447800.2446860.2446050.2445430.2444960.2444610.244432