
Arquitectura: _2_9_1_
Semilla: 1764784850
Segundos: 523
NIteraciones: 1000000

Costo_train: 0.241642
Precision_train: 0.587924
Recall_train: 0.665468
F1_train: 0.624297

Costo_test: 0.254131
Precision_test: 0.525210
Recall_test: 0.589623
F1_test: 0.555556
 
Paso: 0.200000
Gamma: 0.000000
Parada: 0.100000
Iteraciones: 1000000
CapasDesde: 2
CapasHasta: 5
Repeticiones: 5
Intervalo: 10000
MultiplicadorProfunda: 0.700000
Tarjeta: NVIDIA GeForce RTX 3090 Ti

Costos:
0.2488950.2482300.2479460.2477190.2474920.2473130.2471850.2470740.2469520.2468140.2466670.2465210.2463870.2462750.2461810.2460970.2460080.2458970.2457550.2455840.2453850.2451650.2449370.2447060.2444670.2442160.2439400.2436520.2434060.2432290.2431130.2430360.2429820.2429420.2429110.2428840.2428630.2428440.2428270.2428120.2427990.2427860.2427750.2427640.2427540.2427450.2427360.2427270.2427190.2427110.2427030.2426950.2426880.2426790.2426710.2426630.2426540.2426450.2426360.2426260.2426160.2426060.2425940.2425820.2425700.2425560.2425420.2425270.2425100.2424920.2424720.2424500.2424260.2424000.2423710.2423410.2423100.2422780.2422450.2422110.2421770.2421430.2421100.2420760.2420440.2420120.2419800.2419490.2419190.2418890.2418610.2418330.2418060.2417810.2417560.2417320.2417090.2416860.241664