
Arquitectura: _2_9_1_
Semilla: 1764787457
Segundos: 345
NIteraciones: 1000000

Costo_train: 0.241692
Precision_train: 0.589229
Recall_train: 0.669065
F1_train: 0.626614

Costo_test: 0.254091
Precision_test: 0.521186
Recall_test: 0.580189
F1_test: 0.549107
 
Paso: 0.200000
Gamma: 0.000000
Parada: 0.100000
Iteraciones: 1000000
CapasDesde: 2
CapasHasta: 5
Repeticiones: 5
Intervalo: 10000
MultiplicadorProfunda: 0.700000
Tarjeta: NVIDIA GeForce RTX 3090 Ti

Costos:
0.2485560.2478630.2475240.2474120.2473260.2471710.2468950.2465640.2462050.2458320.2454590.2451070.2447990.2445430.2443290.2441370.2439490.2437710.2436180.2434940.2433880.2432960.2432170.2431520.2431000.2430570.2430200.2429870.2429570.2429310.2429070.2428850.2428650.2428460.2428300.2428150.2428010.2427880.2427750.2427640.2427540.2427430.2427340.2427250.2427160.2427080.2427000.2426920.2426840.2426770.2426700.2426630.2426560.2426500.2426430.2426370.2426310.2426240.2426180.2426110.2426050.2425980.2425910.2425840.2425770.2425690.2425600.2425490.2425370.2425240.2425070.2424900.2424700.2424480.2424240.2423980.2423700.2423410.2423100.2422780.2422460.2422130.2421800.2421470.2421140.2420820.2420500.2420180.2419880.2419570.2419280.2418980.2418700.2418420.2418160.2417890.2417640.2417400.241715