
Arquitectura: _2_9_1_
Semilla: 1764783101
Segundos: 544
NIteraciones: 1000000

Costo_train: 0.240447
Precision_train: 0.573610
Recall_train: 0.630695
F1_train: 0.600800

Costo_test: 0.259577
Precision_test: 0.542601
Recall_test: 0.570755
F1_test: 0.556322
 
Paso: 0.200000
Gamma: 0.000000
Parada: 0.100000
Iteraciones: 1000000
CapasDesde: 2
CapasHasta: 5
Repeticiones: 5
Intervalo: 10000
MultiplicadorProfunda: 0.700000
Tarjeta: NVIDIA GeForce RTX 3090 Ti

Costos:
0.2484150.2478340.2475160.2472020.2468750.2465590.2462420.2459160.2455810.2452680.2449860.2447320.2445110.2443150.2441240.2439490.2438070.2436940.2436020.2435250.2434590.2434000.2433450.2432940.2432420.2431920.2431410.2430890.2430370.2429830.2429300.2428740.2428170.2427520.2426680.2425190.2423510.2422630.2422010.2421470.2420990.2420540.2420130.2419730.2419350.2418980.2418630.2418280.2417940.2417610.2417280.2416950.2416630.2416310.2415990.2415680.2415370.2415060.2414760.2414460.2414160.2413870.2413570.2413280.2412980.2412700.2412420.2412130.2411850.2411570.2411300.2411020.2410740.2410460.2410190.2409930.2409660.2409400.2409140.2408880.2408620.2408370.2408120.2407870.2407630.2407390.2407160.2406930.2406700.2406480.2406260.2406040.2405830.2405630.2405420.2405220.2405030.2404840.240465