
Arquitectura: _2_12_1_
Semilla: 1764789916
Segundos: 345
NIteraciones: 1000000

Costo_train: 0.116830
Precision_train: 0.863388
Recall_train: 0.840426
F1_train: 0.851752

Costo_test: 0.131647
Precision_test: 0.797688
Recall_test: 0.807018
F1_test: 0.802326
 
Paso: 0.200000
Gamma: 0.000000
Parada: 0.100000
Iteraciones: 1000000
CapasDesde: 2
CapasHasta: 5
Repeticiones: 5
Intervalo: 10000
MultiplicadorProfunda: 0.700000
Tarjeta: NVIDIA GeForce RTX 3090 Ti

Costos:
0.2095670.1764160.1554120.1470470.1426650.1370010.1314940.1278650.1256130.1241530.1231520.1224310.1218900.1214690.1211340.1208590.1206290.1204330.1202640.1201150.1199830.1198650.1197570.1196580.1195670.1194830.1194050.1193300.1192600.1191940.1191320.1190720.1190140.1189590.1189050.1188550.1188050.1187580.1187120.1186670.1186230.1185820.1185410.1185020.1184630.1184250.1183880.1183520.1183180.1182840.1182510.1182190.1181870.1181560.1181260.1180970.1180680.1180400.1180120.1179840.1179570.1179300.1179050.1178800.1178560.1178320.1178100.1177870.1177650.1177430.1177220.1177000.1176790.1176580.1176380.1176180.1175990.1175800.1175610.1175430.1175240.1175060.1174870.1174690.1174510.1174320.1174130.1173900.1173570.1172950.1172050.1171410.1170940.1170530.1170140.1169760.1169380.1169010.116865