
Arquitectura: _2_12_1_
Semilla: 1764788555
Segundos: 344
NIteraciones: 1000000

Costo_train: 0.135222
Precision_train: 0.837535
Recall_train: 0.795213
F1_train: 0.815825

Costo_test: 0.142771
Precision_test: 0.771277
Recall_test: 0.847953
F1_test: 0.807799
 
Paso: 0.200000
Gamma: 0.000000
Parada: 0.100000
Iteraciones: 1000000
CapasDesde: 2
CapasHasta: 5
Repeticiones: 5
Intervalo: 10000
MultiplicadorProfunda: 0.700000
Tarjeta: NVIDIA GeForce RTX 3090 Ti

Costos:
0.2129280.1970040.1892810.1761410.1709410.1651570.1619680.1601280.1588290.1577860.1560560.1532720.1506350.1486650.1471570.1460610.1452230.1445720.1440560.1436390.1432910.1429930.1427210.1419820.1415990.1412920.1409990.1406940.1403650.1400400.1397520.1394980.1392660.1390510.1388510.1386620.1384830.1383130.1381520.1379980.1378500.1377100.1375750.1374460.1373230.1372050.1370910.1369810.1368770.1367780.1366810.1365900.1365010.1364150.1363330.1362530.1361760.1361010.1360300.1359610.1358950.1358310.1357680.1357070.1356470.1355900.1355350.1354800.1354280.1353780.1353280.1352790.1352320.1351850.1352310.1352440.1352460.1352440.1352390.1352310.1352220.1352110.1352020.1351910.1351830.1351710.1351600.1351520.1351400.1351300.1351200.1351110.1350980.1350910.1350820.1350710.1350630.1350520.135043