
Arquitectura: _2_15_1_
Semilla: 1764797812
Segundos: 178
NIteraciones: 1000000

Costo_train: 0.127472
Precision_train: 0.863053
Recall_train: 0.804521
F1_train: 0.832760

Costo_test: 0.150625
Precision_test: 0.761364
Recall_test: 0.783626
F1_test: 0.772334
 
Paso: 0.200000
Gamma: 0.000000
Parada: 0.100000
Iteraciones: 1000000
CapasDesde: 2
CapasHasta: 5
Repeticiones: 5
Intervalo: 10000
MultiplicadorProfunda: 0.700000
Tarjeta: NVIDIA GeForce RTX 3090 Ti

Costos:
0.2131750.1865940.1720920.1550070.1484880.1453700.1434890.1421600.1410770.1401480.1393470.1386430.1380230.1374750.1369890.1365630.1361980.1358750.1355850.1353180.1350740.1348530.1346510.1344640.1342900.1341260.1339710.1338240.1336820.1335450.1334110.1332800.1331480.1330170.1328830.1327410.1325740.1320890.1315030.1312400.1310460.1308850.1307430.1306120.1304920.1303800.1302750.1301750.1300790.1299870.1298990.1298130.1297310.1296520.1295760.1295010.1294290.1293590.1292900.1292220.1291560.1290920.1290300.1289690.1289100.1288520.1287950.1287390.1286840.1286310.1285780.1285270.1284790.1284310.1283840.1283380.1282930.1282490.1282060.1281630.1281210.1280810.1280420.1280040.1279660.1279300.1278940.1278580.1278230.1277880.1277540.1277210.1276880.1276570.1276250.1275940.1275630.1275330.127502