
Arquitectura: _2_12_1_
Semilla: 1764794002
Segundos: 346
NIteraciones: 1000000

Costo_train: 0.116129
Precision_train: 0.859864
Recall_train: 0.840426
F1_train: 0.850034

Costo_test: 0.130074
Precision_test: 0.800000
Recall_test: 0.818713
F1_test: 0.809249
 
Paso: 0.200000
Gamma: 0.000000
Parada: 0.100000
Iteraciones: 1000000
CapasDesde: 2
CapasHasta: 5
Repeticiones: 5
Intervalo: 10000
MultiplicadorProfunda: 0.700000
Tarjeta: NVIDIA GeForce RTX 3090 Ti

Costos:
0.2090890.1885430.1593450.1483440.1437940.1412870.1397150.1386050.1377810.1371160.1363950.1359280.1355440.1352140.1349250.1346680.1344360.1342240.1340290.1338470.1336760.1335140.1333600.1332130.1330710.1329340.1328020.1326750.1325510.1324310.1322460.1314600.1311500.1305420.1297380.1292520.1289650.1287890.1286520.1285350.1284300.1283320.1282410.1281540.1280710.1279910.1279160.1278430.1277720.1277020.1276340.1275680.1275040.1274410.1273790.1273170.1272560.1271950.1271360.1270780.1270210.1269630.1269060.1268490.1267910.1267330.1266740.1266140.1265510.1264810.1263880.1226720.1203990.1190870.1184510.1181020.1178640.1176810.1175300.1174010.1172890.1171900.1171020.1170210.1169460.1168750.1168090.1167470.1166880.1166310.1165760.1165220.1164680.1164140.1163620.1163120.1162640.1162170.116173