
Arquitectura: _2_15_1_
Semilla: 1764797009
Segundos: 173
NIteraciones: 1000000

Costo_train: 0.111608
Precision_train: 0.864865
Recall_train: 0.851064
F1_train: 0.857909

Costo_test: 0.119874
Precision_test: 0.800000
Recall_test: 0.842105
F1_test: 0.820513
 
Paso: 0.200000
Gamma: 0.000000
Parada: 0.100000
Iteraciones: 1000000
CapasDesde: 2
CapasHasta: 5
Repeticiones: 5
Intervalo: 10000
MultiplicadorProfunda: 0.700000
Tarjeta: NVIDIA GeForce RTX 3090 Ti

Costos:
0.2066180.1826080.1691890.1553720.1498040.1462030.1429770.1398760.1373830.1354640.1339210.1326560.1316290.1307830.1300670.1294510.1289150.1284440.1280270.1276530.1273150.1270020.1266970.1264020.1261600.1259470.1257520.1255700.1253960.1252290.1249710.1245670.1243150.1241190.1239440.1237810.1236260.1234770.1233260.1231590.1229180.1225210.1193510.1168030.1157710.1151820.1147870.1144930.1142600.1140680.1139040.1137630.1136410.1135340.1134380.1133510.1132720.1132000.1131310.1130670.1130070.1129500.1128950.1128430.1127940.1127460.1127000.1126550.1126120.1125710.1125300.1124900.1124510.1124130.1123760.1123390.1123030.1122670.1122320.1121990.1121660.1121340.1121020.1120710.1120410.1120100.1119800.1119500.1119200.1118900.1118610.1118320.1118030.1117750.1117460.1117180.1116910.1116630.111635