
Arquitectura: _2_15_1_
Semilla: 1764795360
Segundos: 230
NIteraciones: 1000000

Costo_train: 0.127714
Precision_train: 0.871014
Recall_train: 0.799202
F1_train: 0.833565

Costo_test: 0.151594
Precision_test: 0.773256
Recall_test: 0.777778
F1_test: 0.775510
 
Paso: 0.200000
Gamma: 0.000000
Parada: 0.100000
Iteraciones: 1000000
CapasDesde: 2
CapasHasta: 5
Repeticiones: 5
Intervalo: 10000
MultiplicadorProfunda: 0.700000
Tarjeta: NVIDIA GeForce RTX 3090 Ti

Costos:
0.2132550.1864020.1694670.1546530.1490100.1459580.1439680.1425970.1415630.1407030.1399490.1392640.1386340.1380550.1375270.1370520.1366300.1362560.1359260.1356320.1353690.1351340.1349210.1347260.1345470.1343830.1342290.1340860.1339500.1338110.1335300.1330720.1328560.1326970.1325660.1324530.1323460.1322430.1320240.1318870.1317640.1316470.1315320.1314130.1312350.1311040.1309970.1309000.1308070.1307200.1306370.1305560.1304780.1304010.1303270.1302550.1301850.1301170.1300500.1299840.1299190.1298580.1297980.1297390.1296810.1296230.1295670.1295130.1294590.1294070.1293540.1293020.1292510.1292010.1291510.1291030.1290550.1290080.1289610.1289140.1288680.1288210.1287760.1287300.1286840.1286220.1285210.1284350.1283630.1282950.1282300.1281660.1281050.1280440.1279850.1279280.1278730.1278190.127766