
Arquitectura: _2_12_1_
Semilla: 1764791277
Segundos: 345
NIteraciones: 1000000

Costo_train: 0.134540
Precision_train: 0.850969
Recall_train: 0.759309
F1_train: 0.802530

Costo_test: 0.138256
Precision_test: 0.807692
Recall_test: 0.736842
F1_test: 0.770642
 
Paso: 0.200000
Gamma: 0.000000
Parada: 0.100000
Iteraciones: 1000000
CapasDesde: 2
CapasHasta: 5
Repeticiones: 5
Intervalo: 10000
MultiplicadorProfunda: 0.700000
Tarjeta: NVIDIA GeForce RTX 3090 Ti

Costos:
0.2102740.1975590.1867030.1763040.1696610.1642500.1607230.1584990.1568720.1555790.1544760.1534500.1521060.1507260.1491050.1483140.1477250.1472360.1467990.1463700.1458290.1440890.1421370.1411940.1405840.1401150.1397180.1393610.1390160.1386570.1382370.1378550.1375730.1373580.1371870.1370450.1369230.1368160.1367200.1366320.1365520.1364770.1364070.1363420.1362800.1362190.1361610.1361070.1360550.1360050.1359580.1359120.1358670.1358230.1357810.1357400.1357000.1356610.1356220.1355840.1355470.1355100.1354750.1354410.1354070.1353750.1353420.1353110.1352800.1352490.1352190.1351890.1351600.1351320.1351040.1350770.1350500.1350230.1349970.1349710.1349470.1349220.1348980.1348740.1348510.1348280.1348050.1347820.1347600.1347380.1347160.1346960.1346750.1346550.1346350.1346150.1345960.1345760.134558