
Arquitectura: _2_15_1_
Semilla: 1764796216
Segundos: 174
NIteraciones: 1000000

Costo_train: 0.118944
Precision_train: 0.859459
Recall_train: 0.845745
F1_train: 0.852547

Costo_test: 0.141205
Precision_test: 0.782123
Recall_test: 0.818713
F1_test: 0.800000
 
Paso: 0.200000
Gamma: 0.000000
Parada: 0.100000
Iteraciones: 1000000
CapasDesde: 2
CapasHasta: 5
Repeticiones: 5
Intervalo: 10000
MultiplicadorProfunda: 0.700000
Tarjeta: NVIDIA GeForce RTX 3090 Ti

Costos:
0.2106360.1866350.1714280.1561420.1504330.1475200.1455080.1439040.1425850.1414400.1404620.1396170.1382420.1375530.1370230.1365280.1360940.1356940.1353190.1348980.1324950.1310130.1299550.1291830.1285900.1281150.1277260.1273980.1271140.1268490.1265660.1262840.1260080.1257400.1254830.1252360.1249980.1247720.1245560.1243490.1241500.1239560.1237640.1235640.1233520.1231390.1229370.1227510.1225800.1224240.1222800.1221470.1220230.1219070.1217960.1216910.1215930.1214970.1214060.1213190.1212360.1211560.1210790.1210040.1209320.1208610.1207930.1207270.1206630.1206000.1205380.1204780.1204200.1203640.1203090.1202550.1202010.1201470.1200940.1200410.1199880.1199350.1198820.1198300.1197780.1197260.1196730.1196210.1195670.1195140.1194590.1194040.1193490.1192920.1192360.1191790.1191210.1190630.119004