
Arquitectura: _2_12_1_
Semilla: 1764792638
Segundos: 346
NIteraciones: 1000000

Costo_train: 0.130676
Precision_train: 0.847458
Recall_train: 0.797872
F1_train: 0.821918

Costo_test: 0.151944
Precision_test: 0.776471
Recall_test: 0.771930
F1_test: 0.774194
 
Paso: 0.200000
Gamma: 0.000000
Parada: 0.100000
Iteraciones: 1000000
CapasDesde: 2
CapasHasta: 5
Repeticiones: 5
Intervalo: 10000
MultiplicadorProfunda: 0.700000
Tarjeta: NVIDIA GeForce RTX 3090 Ti

Costos:
0.2088700.1819510.1706270.1584100.1508750.1475640.1456770.1444440.1435380.1427520.1419540.1411680.1404840.1399190.1394420.1390230.1386310.1379160.1369530.1364970.1358740.1354750.1351750.1349140.1346780.1344610.1342620.1340790.1339100.1337550.1336100.1334770.1333540.1332390.1331320.1330320.1329390.1328520.1327700.1326930.1326190.1325500.1324840.1324220.1323630.1323070.1322530.1322020.1321530.1321050.1320580.1320150.1319730.1319320.1318930.1318550.1318170.1317810.1317460.1317120.1316780.1316450.1316130.1315810.1315500.1315190.1314900.1314610.1314320.1314040.1313750.1313470.1313200.1312920.1312650.1312380.1312110.1311840.1311570.1311310.1311050.1310800.1310540.1310290.1310040.1309800.1309560.1309330.1309090.1308860.1308630.1308410.1308190.1307980.1307770.1307560.1307350.1307150.130696