
Arquitectura: _2_3_3_3_1_
Semilla: 1764781665
Segundos: 1389
NIteraciones: 1000000

Costo_train: 0.209714
Precision_train: 0.735661
Recall_train: 0.392287
F1_train: 0.511709

Costo_test: 0.210167
Precision_test: 0.675926
Recall_test: 0.426901
F1_test: 0.523297
 
Paso: 0.200000
Gamma: 0.000000
Parada: 0.100000
Iteraciones: 1000000
CapasDesde: 2
CapasHasta: 5
Repeticiones: 5
Intervalo: 10000
MultiplicadorProfunda: 0.700000
Tarjeta: NVIDIA GeForce RTX 3090 Ti

Costos:
0.2485990.2476360.2442840.2383260.2338230.2316140.2300050.2286510.2275680.2267780.2262110.2257760.2254240.2251220.2248450.2245840.2243240.2240540.2237790.2234940.2232140.2229440.2226890.2224460.2222110.2219790.2217460.2215050.2212510.2209710.2206550.2203030.2199470.2196310.2193740.2191710.2190050.2188640.2187410.2186320.2185240.2184030.2182450.2180470.2178320.2176170.2174030.2171960.2169970.2168080.2166260.2164510.2162790.2161160.2159620.2158210.2156940.2155830.2154880.2154070.2153370.2152720.2152140.2151570.2151020.2150440.2149800.2149040.2148140.2147010.2145660.2144190.2142680.2141280.2139990.2138840.2137780.2136810.2135920.2135090.2134330.2133600.2132910.2132230.2131500.2130630.2129540.2128200.2124740.2117520.2111100.2106800.2104270.2102560.2101290.2100270.2099390.2098580.209784