
Arquitectura: _2_3_3_3_1_
Semilla: 1764783605
Segundos: 1200
NIteraciones: 1000000

Costo_train: 0.200303
Precision_train: 0.634534
Recall_train: 0.796543
F1_train: 0.706368

Costo_test: 0.212778
Precision_test: 0.572052
Recall_test: 0.766082
F1_test: 0.655000
 
Paso: 0.200000
Gamma: 0.000000
Parada: 0.100000
Iteraciones: 1000000
CapasDesde: 2
CapasHasta: 5
Repeticiones: 5
Intervalo: 10000
MultiplicadorProfunda: 0.700000
Tarjeta: NVIDIA GeForce RTX 3090 Ti

Costos:
0.2485770.2481320.2477560.2445210.2392310.2373000.2362130.2319910.2200980.2147570.2131880.2123510.2117530.2112630.2107780.2102480.2097440.2092840.2088700.2085070.2081950.2079220.2076780.2074570.2072570.2070750.2069080.2067560.2066170.2064880.2063670.2062520.2061420.2060330.2059220.2058080.2056840.2055440.2053780.2051770.2049380.2046690.2043890.2041210.2038800.2036700.2034930.2033420.2032140.2031050.2030100.2029280.2028540.2027880.2027270.2026700.2026160.2025650.2025170.2024690.2024230.2023780.2023360.2022930.2022510.2022110.2021720.2021340.2020980.2020640.2020290.2019970.2019650.2019350.2019050.2018740.2018430.2018110.2017770.2017400.2016970.2016490.2015950.2015340.2014690.2013990.2013280.2012600.2011940.2011280.2010650.2010010.2009390.2008730.2008040.2007280.2006410.2005390.200423