
Arquitectura: _2_3_3_1_
Semilla: 1764780074
Segundos: 985
NIteraciones: 1000000

Costo_train: 0.198714
Precision_train: 0.633403
Recall_train: 0.801862
F1_train: 0.707747

Costo_test: 0.207573
Precision_test: 0.577586
Recall_test: 0.783626
F1_test: 0.665012
 
Paso: 0.200000
Gamma: 0.000000
Parada: 0.100000
Iteraciones: 1000000
CapasDesde: 2
CapasHasta: 5
Repeticiones: 5
Intervalo: 10000
MultiplicadorProfunda: 0.700000
Tarjeta: NVIDIA GeForce RTX 3090 Ti

Costos:
0.2440010.2244620.2168640.2132200.2117240.2110460.2106390.2103270.2100580.2098070.2095600.2092990.2089560.2085900.2082570.2079450.2076610.2074040.2071720.2069330.2066800.2064640.2062740.2061020.2059430.2057940.2056510.2055120.2053700.2052240.2050640.2048860.2046810.2044500.2042060.2039640.2037320.2035120.2033020.2030990.2029030.2027070.2025010.2022680.2019880.2016660.2013490.2010870.2008800.2007110.2005660.2004380.2003190.2002120.2001130.2000230.1999410.1998660.1998000.1997370.1996820.1996280.1995800.1995350.1994930.1994530.1994170.1993810.1993470.1993150.1992840.1992540.1992250.1991980.1991710.1991440.1991190.1990950.1990730.1990500.1990300.1990090.1989890.1989690.1989490.1989310.1989130.1988950.1988770.1988610.1988450.1988290.1988140.1987990.1987830.1987680.1987560.1987410.198727