
Arquitectura: _2_3_3_3_3_3_1_
Semilla: 1764797182
Segundos: 630
NIteraciones: 1000000

Costo_train: 0.233317
Precision_train: 0.615499
Recall_train: 0.549202
F1_train: 0.580464

Costo_test: 0.231064
Precision_test: 0.581818
Recall_test: 0.561404
F1_test: 0.571429
 
Paso: 0.200000
Gamma: 0.000000
Parada: 0.100000
Iteraciones: 1000000
CapasDesde: 2
CapasHasta: 5
Repeticiones: 5
Intervalo: 10000
MultiplicadorProfunda: 0.700000
Tarjeta: NVIDIA GeForce RTX 3090 Ti

Costos:
0.2490980.2490960.2490950.2490940.2490910.2490900.2490880.2490870.2490850.2490830.2490810.2490790.2490770.2490750.2490730.2490700.2490680.2490650.2490610.2490580.2490540.2490510.2490460.2490410.2490360.2490290.2490220.2490140.2490050.2489950.2489820.2489670.2489500.2489290.2489050.2488730.2488350.2487850.2487220.2486370.2485220.2483600.2481250.2477730.2472350.2464100.2452050.2436210.2416660.2398320.2388400.2382090.2372350.2365590.2361740.2358730.2356250.2354150.2352350.2350790.2349430.2348230.2347160.2346220.2345360.2344600.2343900.2343250.2342660.2342120.2341610.2341140.2340690.2340270.2339880.2339500.2339130.2338800.2338450.2338130.2337830.2337540.2337240.2336970.2336690.2336430.2336160.2335910.2335660.2335410.2335170.2334920.2334700.2334480.2334250.2334030.2333810.2333590.233339