
Arquitectura: _2_3_3_3_3_3_1_
Semilla: 1764796390
Segundos: 619
NIteraciones: 1000000

Costo_train: 0.233688
Precision_train: 0.618182
Recall_train: 0.542553
F1_train: 0.577904

Costo_test: 0.231353
Precision_test: 0.579268
Recall_test: 0.555556
F1_test: 0.567164
 
Paso: 0.200000
Gamma: 0.000000
Parada: 0.100000
Iteraciones: 1000000
CapasDesde: 2
CapasHasta: 5
Repeticiones: 5
Intervalo: 10000
MultiplicadorProfunda: 0.700000
Tarjeta: NVIDIA GeForce RTX 3090 Ti

Costos:
0.2491140.2491110.2491090.2491060.2491030.2491010.2490990.2490970.2490950.2490930.2490920.2490900.2490880.2490870.2490850.2490840.2490820.2490800.2490780.2490760.2490750.2490720.2490690.2490670.2490640.2490610.2490590.2490560.2490520.2490490.2490440.2490400.2490350.2490290.2490240.2490170.2490090.2490010.2489910.2489800.2489670.2489510.2489340.2489120.2488850.2488500.2488050.2487430.2486520.2485190.2483260.2480360.2475640.2467290.2451800.2425620.2397270.2381740.2374420.2369580.2365830.2362750.2360140.2357880.2355920.2354180.2352650.2351290.2350080.2348990.2348020.2347160.2346360.2345640.2344980.2344390.2343840.2343350.2342880.2342440.2342040.2341670.2341330.2340990.2340670.2340370.2340090.2339820.2339550.2339290.2339060.2338800.2338570.2338330.2338090.2337840.2337610.2337360.233712