
Arquitectura: _2_3_3_3_3_3_1_
Semilla: 1764795590
Segundos: 626
NIteraciones: 1000000

Costo_train: 0.236045
Precision_train: 0.565543
Recall_train: 0.200798
F1_train: 0.296369

Costo_test: 0.234508
Precision_test: 0.548387
Recall_test: 0.198830
F1_test: 0.291846
 
Paso: 0.200000
Gamma: 0.000000
Parada: 0.100000
Iteraciones: 1000000
CapasDesde: 2
CapasHasta: 5
Repeticiones: 5
Intervalo: 10000
MultiplicadorProfunda: 0.700000
Tarjeta: NVIDIA GeForce RTX 3090 Ti

Costos:
0.2490700.2490650.2490610.2490550.2490500.2490430.2490360.2490270.2490180.2490070.2489930.2489780.2489600.2489380.2489120.2488780.2488350.2487800.2487070.2486070.2484690.2482730.2479930.2475870.2470040.2462160.2452810.2444320.2437710.2432600.2428530.2425190.2422430.2420130.2418250.2416800.2415650.2414690.2413880.2413160.2412510.2411920.2411370.2410880.2410410.2409970.2409580.2409210.2408870.2408530.2408210.2407920.2407620.2407350.2407110.2406860.2406620.2406380.2406170.2405950.2405750.2405540.2405340.2405150.2404950.2404770.2404580.2404380.2404210.2404040.2403830.2403640.2403450.2403240.2403040.2402820.2402580.2402350.2402090.2401820.2401480.2401140.2400780.2400350.2399830.2399240.2398530.2397640.2396550.2395140.2393330.2391000.2388020.2384360.2380290.2375840.2370970.2366810.236334