
Arquitectura: _2_3_3_1_
Semilla: 1764755293
Segundos: 986
NIteraciones: 1000000

Costo_train: 0.202140
Precision_train: 0.629049
Recall_train: 0.800532
F1_train: 0.704506

Costo_test: 0.215124
Precision_test: 0.572650
Recall_test: 0.783626
F1_test: 0.661728
 
Paso: 0.200000
Gamma: 0.000000
Parada: 0.100000
Iteraciones: 1000000
CapasDesde: 2
CapasHasta: 5
Repeticiones: 5
Intervalo: 10000
MultiplicadorProfunda: 0.700000
Tarjeta: NVIDIA GeForce RTX 3090 Ti

Costos:
0.2366820.2183890.2139210.2123800.2114860.2108920.2104750.2101700.2099350.2097410.2095750.2094280.2092960.2091750.2090640.2089610.2088630.2087720.2086860.2086040.2085260.2084510.2083800.2083110.2082450.2081790.2081140.2080490.2079830.2079170.2078470.2077730.2076940.2076040.2075000.2073710.2072040.2069790.2066840.2063320.2059570.2055910.2052590.2049720.2047320.2045330.2043680.2042320.2041170.2040190.2039340.2038580.2037880.2037220.2036600.2035980.2035350.2034710.2034020.2033300.2032520.2031730.2030970.2030240.2029560.2028960.2028410.2027910.2027450.2027050.2026680.2026330.2026010.2025720.2025440.2025190.2024940.2024710.2024480.2024280.2024070.2023890.2023710.2023530.2023360.2023190.2023040.2022890.2022740.2022600.2022470.2022320.2022200.2022060.2021950.2021840.2021730.2021610.202150