
Arquitectura: _2_3_3_3_1_
Semilla: 1764787765
Segundos: 790
NIteraciones: 1000000

Costo_train: 0.202096
Precision_train: 0.588785
Recall_train: 0.837766
F1_train: 0.691548

Costo_test: 0.214158
Precision_test: 0.525926
Recall_test: 0.830409
F1_test: 0.643991
 
Paso: 0.200000
Gamma: 0.000000
Parada: 0.100000
Iteraciones: 1000000
CapasDesde: 2
CapasHasta: 5
Repeticiones: 5
Intervalo: 10000
MultiplicadorProfunda: 0.700000
Tarjeta: NVIDIA GeForce RTX 3090 Ti

Costos:
0.2487880.2485960.2484130.2482070.2479890.2477710.2475650.2473780.2472090.2470580.2469230.2468040.2466970.2466020.2465150.2464350.2463610.2462920.2462250.2461600.2460950.2460290.2459600.2458850.2458020.2457040.2455830.2454230.2451930.2447990.2433060.2401710.2359350.2327940.2302620.2244100.2162540.2131960.2118680.2110800.2105240.2100820.2097000.2093550.2090320.2087230.2084050.2080200.2076110.2073360.2071260.2069530.2067990.2066630.2065390.2064280.2063220.2062250.2061340.2060480.2059670.2058910.2058180.2057480.2056800.2056140.2055530.2054930.2054340.2053780.2053210.2052660.2052130.2051590.2051070.2050530.2050010.2049490.2048960.2048420.2047880.2047320.2046750.2046140.2045530.2044840.2044110.2043330.2042440.2041440.2040250.2038850.2037170.2035230.2032990.2030540.2028050.2025590.202322