
Arquitectura: _2_3_3_3_1_
Semilla: 1764785328
Segundos: 959
NIteraciones: 1000000

Costo_train: 0.212433
Precision_train: 0.622593
Recall_train: 0.644947
F1_train: 0.633573

Costo_test: 0.211533
Precision_test: 0.574163
Recall_test: 0.701754
F1_test: 0.631579
 
Paso: 0.200000
Gamma: 0.000000
Parada: 0.100000
Iteraciones: 1000000
CapasDesde: 2
CapasHasta: 5
Repeticiones: 5
Intervalo: 10000
MultiplicadorProfunda: 0.700000
Tarjeta: NVIDIA GeForce RTX 3090 Ti

Costos:
0.2480710.2461500.2447440.2437180.2423210.2402170.2374870.2352540.2330530.2277230.2231160.2218600.2215680.2214170.2212830.2211520.2210240.2209000.2207780.2206600.2205450.2204310.2203180.2202030.2200840.2199560.2198130.2196470.2194380.2191530.2187250.2180980.2174780.2170900.2168600.2166920.2165480.2164150.2162890.2161690.2160560.2159500.2158500.2157570.2156690.2155860.2155080.2154360.2153680.2153030.2152430.2151850.2151300.2150780.2150280.2149810.2149350.2148910.2148480.2148060.2147650.2147240.2146830.2146410.2145950.2145430.2144800.2144000.2142980.2141690.2140170.2138680.2137430.2136470.2135750.2135160.2134620.2134110.2133630.2133170.2132720.2132270.2131840.2131410.2130990.2130590.2130180.2129780.2129380.2128970.2128560.2128150.2127730.2127300.2126860.2126400.2125930.2125430.212490