
Arquitectura: _2_3_3_3_1_
Semilla: 1764786632
Segundos: 789
NIteraciones: 1000000

Costo_train: 0.204481
Precision_train: 0.697023
Recall_train: 0.529255
F1_train: 0.601663

Costo_test: 0.197046
Precision_test: 0.656442
Recall_test: 0.625731
F1_test: 0.640719
 
Paso: 0.200000
Gamma: 0.000000
Parada: 0.100000
Iteraciones: 1000000
CapasDesde: 2
CapasHasta: 5
Repeticiones: 5
Intervalo: 10000
MultiplicadorProfunda: 0.700000
Tarjeta: NVIDIA GeForce RTX 3090 Ti

Costos:
0.2489650.2479550.2462500.2450750.2447030.2443900.2439440.2432760.2424840.2417440.2411080.2405670.2400900.2392520.2374100.2361700.2352620.2345560.2339690.2334270.2327700.2312550.2266810.2223890.2207870.2198960.2192490.2187500.2183470.2179820.2176020.2171790.2167190.2162490.2158020.2154000.2150460.2147320.2144430.2141640.2138790.2135590.2131590.2126020.2118150.2109180.2101810.2096990.2094060.2092160.2090770.2089640.2088670.2087790.2086970.2086200.2085450.2084720.2084000.2083290.2082600.2081930.2081290.2080690.2080110.2079560.2079050.2078550.2078080.2077630.2077190.2076770.2076370.2075980.2075600.2075240.2074880.2074530.2074200.2073870.2073550.2073230.2072910.2072600.2072290.2071980.2071660.2071340.2071000.2070640.2070250.2069800.2069270.2068570.2067590.2066130.2063920.2060560.205490