
Arquitectura: _2_3_3_3_3_1_
Semilla: 1764794348
Segundos: 1012
NIteraciones: 1000000

Costo_train: 0.217054
Precision_train: 0.613946
Recall_train: 0.480053
F1_train: 0.538806

Costo_test: 0.228024
Precision_test: 0.504000
Recall_test: 0.368421
F1_test: 0.425676
 
Paso: 0.200000
Gamma: 0.000000
Parada: 0.100000
Iteraciones: 1000000
CapasDesde: 2
CapasHasta: 5
Repeticiones: 5
Intervalo: 10000
MultiplicadorProfunda: 0.700000
Tarjeta: NVIDIA GeForce RTX 3090 Ti

Costos:
0.2490610.2490410.2490220.2490020.2489770.2489450.2489010.2488410.2487560.2486360.2484660.2482290.2479180.2475500.2471590.2467260.2461020.2448240.2415850.2360240.2324260.2309310.2301770.2297020.2293610.2290990.2288840.2287060.2285510.2284130.2282900.2281770.2280710.2279730.2278780.2277900.2277030.2276210.2275400.2274650.2273880.2273150.2272440.2271790.2271100.2270490.2269840.2269230.2268670.2268100.2267560.2267040.2266540.2266040.2265570.2265120.2264660.2264210.2263810.2263410.2262990.2262630.2262260.2261890.2261520.2261170.2260820.2260480.2260150.2259820.2259500.2259190.2258850.2258520.2258210.2257870.2257550.2257220.2256880.2256570.2256210.2255850.2255450.2255010.2254430.2253550.2251320.2242730.2221400.2215770.2213360.2211500.2209820.2208030.2205970.2203330.2199550.2193630.218411