
Arquitectura: _2_3_3_3_3_1_
Semilla: 1764790261
Segundos: 1016
NIteraciones: 1000000

Costo_train: 0.224670
Precision_train: 0.631653
Recall_train: 0.599734
F1_train: 0.615280

Costo_test: 0.225897
Precision_test: 0.581006
Recall_test: 0.608187
F1_test: 0.594286
 
Paso: 0.200000
Gamma: 0.000000
Parada: 0.100000
Iteraciones: 1000000
CapasDesde: 2
CapasHasta: 5
Repeticiones: 5
Intervalo: 10000
MultiplicadorProfunda: 0.700000
Tarjeta: NVIDIA GeForce RTX 3090 Ti

Costos:
0.2491190.2491130.2491070.2491020.2490980.2490920.2490870.2490790.2490660.2490490.2490240.2489840.2489200.2488030.2486050.2482780.2477060.2467390.2454350.2440510.2422810.2397140.2377640.2369710.2365160.2361800.2358830.2355970.2353330.2351010.2348950.2347130.2345490.2344010.2342660.2341430.2340300.2339250.2338270.2337360.2336520.2335710.2334950.2334230.2333560.2332910.2332290.2331700.2331120.2330580.2330050.2329530.2329040.2328530.2328040.2327570.2327100.2326620.2326140.2325660.2325160.2324650.2324140.2323580.2322990.2322390.2321730.2321020.2320270.2319460.2318590.2317680.2316680.2315570.2314330.2312810.2310850.2308080.2303750.2296580.2286080.2276020.2269970.2266760.2264690.2263030.2261450.2259340.2256770.2254660.2253170.2252080.2251160.2250370.2249660.2249010.2248380.2247800.224724