
Arquitectura: _2_3_3_1_
Semilla: 1764776890
Segundos: 997
NIteraciones: 1000000

Costo_train: 0.222641
Precision_train: 0.550871
Recall_train: 0.799202
F1_train: 0.652198

Costo_test: 0.217112
Precision_test: 0.522222
Recall_test: 0.824561
F1_test: 0.639456
 
Paso: 0.200000
Gamma: 0.000000
Parada: 0.100000
Iteraciones: 1000000
CapasDesde: 2
CapasHasta: 5
Repeticiones: 5
Intervalo: 10000
MultiplicadorProfunda: 0.700000
Tarjeta: NVIDIA GeForce RTX 3090 Ti

Costos:
0.2455960.2448410.2417100.2401020.2388030.2376670.2367780.2361110.2355800.2351090.2346500.2341460.2335180.2327610.2319860.2312350.2304990.2297900.2292130.2287810.2284410.2281590.2279220.2277170.2275290.2273510.2271720.2269710.2267380.2264670.2261720.2258890.2256280.2253830.2251400.2249000.2246770.2244780.2243100.2241660.2240410.2239350.2238390.2237570.2236840.2236170.2235580.2235050.2234560.2234120.2233710.2233340.2232970.2232650.2232360.2232060.2231770.2231540.2231310.2231080.2230850.2230660.2230480.2230300.2230090.2229940.2229760.2229640.2229470.2229310.2229190.2229070.2228910.2228780.2228670.2228550.2228430.2228320.2228220.2228100.2227990.2227910.2227780.2227690.2227570.2227500.2227390.2227320.2227230.2227160.2227080.2226990.2226900.2226850.2226760.2226680.2226630.2226540.222645