
Arquitectura: _2_3_3_3_3_1_
Semilla: 1764788899
Segundos: 1017
NIteraciones: 1000000

Costo_train: 0.203029
Precision_train: 0.632479
Recall_train: 0.787234
F1_train: 0.701422

Costo_test: 0.213820
Precision_test: 0.575221
Recall_test: 0.760234
F1_test: 0.654912
 
Paso: 0.200000
Gamma: 0.000000
Parada: 0.100000
Iteraciones: 1000000
CapasDesde: 2
CapasHasta: 5
Repeticiones: 5
Intervalo: 10000
MultiplicadorProfunda: 0.700000
Tarjeta: NVIDIA GeForce RTX 3090 Ti

Costos:
0.2490970.2490900.2490830.2490750.2490640.2490520.2490370.2490170.2489910.2489550.2489040.2488260.2486870.2484160.2479160.2469080.2447360.2412020.2387950.2377580.2371000.2365860.2361440.2357320.2353110.2348210.2337860.2246540.2166120.2137910.2128420.2123060.2119140.2115880.2112880.2109850.2106630.2103400.2100400.2097630.2095060.2092660.2090450.2088420.2086540.2084810.2083220.2081750.2080390.2079150.2077990.2076920.2075920.2075000.2074120.2073300.2072520.2071770.2071040.2070350.2069680.2069020.2068380.2067760.2067130.2066520.2065920.2065310.2064700.2064090.2063480.2062870.2062240.2061630.2060990.2060330.2059680.2059010.2058330.2057640.2056920.2056170.2055390.2054590.2053730.2052830.2051870.2050840.2049720.2048480.2047130.2045660.2044040.2042290.2040400.2038430.2036390.2034330.203227