
Arquitectura: _2_3_3_1_
Semilla: 1764756880
Segundos: 19398
NIteraciones: 1000000

Costo_train: 0.201722
Precision_train: 0.588123
Recall_train: 0.816489
F1_train: 0.683742

Costo_test: 0.215004
Precision_test: 0.528090
Recall_test: 0.824561
F1_test: 0.643836
 
Paso: 0.200000
Gamma: 0.000000
Parada: 0.100000
Iteraciones: 1000000
CapasDesde: 2
CapasHasta: 5
Repeticiones: 5
Intervalo: 10000
MultiplicadorProfunda: 0.700000
Tarjeta: NVIDIA GeForce RTX 3090 Ti

Costos:
0.2472540.2309980.2177280.2147210.2135230.2127590.2122360.2118530.2115480.2112850.2110530.2108460.2106580.2104870.2103310.2101840.2100450.2099130.2097880.2096650.2095440.2094220.2093020.2091780.2090510.2089200.2087880.2086510.2085090.2083590.2082040.2080400.2078680.2076850.2074930.2072930.2070850.2068780.2066670.2064580.2062550.2060610.2058760.2057020.2055390.2053900.2052490.2051160.2049930.2048760.2047640.2046590.2045580.2044620.2043680.2042780.2041910.2041050.2040210.2039410.2038600.2037820.2037040.2036280.2035550.2034820.2034130.2033430.2032750.2032070.2031400.2030740.2030110.2029490.2028890.2028300.2027730.2027160.2026590.2026020.2025440.2024860.2024230.2023580.2022890.2022170.2021450.2020760.2020160.2019660.2019250.2018900.2018610.2018340.2018110.2017910.2017710.2017520.201736