
Arquitectura: _2_3_3_3_3_1_
Semilla: 1764791622
Segundos: 1016
NIteraciones: 1000000

Costo_train: 0.243968
Precision_train: 0.509735
Recall_train: 0.765957
F1_train: 0.612115

Costo_test: 0.240300
Precision_test: 0.476923
Recall_test: 0.725146
F1_test: 0.575406
 
Paso: 0.200000
Gamma: 0.000000
Parada: 0.100000
Iteraciones: 1000000
CapasDesde: 2
CapasHasta: 5
Repeticiones: 5
Intervalo: 10000
MultiplicadorProfunda: 0.700000
Tarjeta: NVIDIA GeForce RTX 3090 Ti

Costos:
0.2490610.2490330.2490040.2489660.2489140.2488370.2487200.2485280.2482000.2476320.2467530.2458360.2453220.2451140.2450010.2449190.2448530.2448000.2447530.2447130.2446790.2446480.2446200.2445940.2445710.2445490.2445310.2445120.2444950.2444790.2444640.2444510.2444370.2444250.2444120.2444020.2443900.2443810.2443700.2443610.2443520.2443420.2443340.2443250.2443150.2443080.2443010.2442930.2442850.2442780.2442710.2442640.2442570.2442500.2442420.2442360.2442280.2442230.2442170.2442110.2442030.2441960.2441900.2441820.2441760.2441710.2441660.2441580.2441500.2441440.2441380.2441330.2441260.2441220.2441150.2441080.2441020.2440950.2440900.2440830.2440780.2440720.2440660.2440600.2440550.2440490.2440420.2440370.2440310.2440240.2440180.2440130.2440090.2440020.2439950.2439910.2439850.2439810.243974