
Arquitectura: _2_3_3_1_
Semilla: 1764778486
Segundos: 984
NIteraciones: 1000000

Costo_train: 0.199384
Precision_train: 0.672922
Recall_train: 0.667553
F1_train: 0.670227

Costo_test: 0.197409
Precision_test: 0.642857
Recall_test: 0.684211
F1_test: 0.662890
 
Paso: 0.200000
Gamma: 0.000000
Parada: 0.100000
Iteraciones: 1000000
CapasDesde: 2
CapasHasta: 5
Repeticiones: 5
Intervalo: 10000
MultiplicadorProfunda: 0.700000
Tarjeta: NVIDIA GeForce RTX 3090 Ti

Costos:
0.2426450.2362170.2186540.2138190.2122710.2114050.2107830.2103040.2099300.2096320.2093870.2091790.2089990.2088410.2087010.2085740.2084580.2083510.2082500.2081530.2080600.2079670.2078720.2077740.2076710.2075600.2074380.2072970.2070470.2048350.2033290.2024210.2018740.2015350.2013210.2011740.2010640.2009740.2008960.2008250.2007590.2006960.2006370.2005790.2005240.2004700.2004150.2003590.2003020.2002460.2001900.2001380.2000890.2000440.2000020.1999630.1999290.1998970.1998680.1998410.1998170.1997940.1997730.1997530.1997340.1997170.1997010.1996850.1996700.1996570.1996430.1996300.1996170.1996060.1995940.1995830.1995730.1995620.1995520.1995430.1995330.1995230.1995140.1995050.1994960.1994870.1994790.1994700.1994620.1994540.1994460.1994390.1994330.1994260.1994190.1994120.1994050.1993980.199391