
Arquitectura: _2_3_3_3_3_1_
Semilla: 1764792984
Segundos: 1018
NIteraciones: 1000000

Costo_train: 0.230894
Precision_train: 0.679245
Recall_train: 0.143617
F1_train: 0.237102

Costo_test: 0.229117
Precision_test: 0.650000
Recall_test: 0.152047
F1_test: 0.246446
 
Paso: 0.200000
Gamma: 0.000000
Parada: 0.100000
Iteraciones: 1000000
CapasDesde: 2
CapasHasta: 5
Repeticiones: 5
Intervalo: 10000
MultiplicadorProfunda: 0.700000
Tarjeta: NVIDIA GeForce RTX 3090 Ti

Costos:
0.2491470.2491260.2491020.2490760.2490480.2490190.2489820.2489320.2488540.2487020.2484350.2480150.2473870.2466320.2460030.2455610.2451890.2448230.2444330.2439920.2434770.2428860.2423540.2420290.2418150.2416540.2415260.2414210.2413320.2412570.2411920.2411340.2410830.2410380.2409950.2409560.2409220.2408890.2408590.2408300.2408030.2407760.2407510.2407270.2407050.2406840.2406620.2406410.2406230.2406040.2405850.2405660.2405460.2405280.2405090.2404900.2404710.2404530.2404360.2404150.2403950.2403750.2403520.2403280.2403060.2402760.2402460.2402140.2401770.2401350.2400820.2400220.2399460.2398420.2396870.2394300.2390570.2385420.2379820.2374410.2369860.2366230.2363270.2360750.2358340.2355750.2352070.2347870.2344090.2340670.2336640.2329910.2324650.2320950.2318050.2315630.2313580.2311830.231029