
Arquitectura: _2_6_1_
Semilla: 1764756279
Segundos: 601
NIteraciones: 1000000

Costo_train: 0.187544
Precision_train: 0.695279
Recall_train: 0.646277
F1_train: 0.669883

Costo_test: 0.195866
Precision_test: 0.640000
Recall_test: 0.654971
F1_test: 0.647399
 
Paso: 0.200000
Gamma: 0.000000
Parada: 0.100000
Iteraciones: 1000000
CapasDesde: 2
CapasHasta: 5
Repeticiones: 5
Intervalo: 10000
MultiplicadorProfunda: 0.700000
Tarjeta: NVIDIA GeForce RTX 3090 Ti

Costos:
0.2178740.2096120.2039870.1992400.1967450.1957020.1950910.1946220.1942120.1932300.1927290.1923470.1920410.1917900.1915740.1913840.1912160.1910640.1909260.1908000.1906830.1905710.1904600.1903430.1902130.1900700.1899230.1897820.1896520.1895320.1894220.1893210.1892280.1891420.1890620.1889890.1889200.1888560.1887950.1887390.1886860.1886360.1885890.1885440.1885020.1884620.1884230.1883870.1883530.1883200.1882890.1882590.1882310.1882030.1881770.1881510.1881260.1881030.1880800.1880580.1880360.1880160.1879970.1879780.1879590.1879410.1879240.1879070.1878910.1878750.1878600.1878450.1878310.1878170.1878030.1877890.1877750.1877620.1877490.1877370.1877250.1877130.1877020.1876910.1876800.1876690.1876600.1876500.1876400.1876300.1876200.1876110.1876020.1875930.1875850.1875760.1875680.1875600.187552