
Arquitectura: _2_6_1_
Semilla: 1764777887
Segundos: 599
NIteraciones: 1000000

Costo_train: 0.179212
Precision_train: 0.730600
Recall_train: 0.663564
F1_train: 0.695470

Costo_test: 0.201182
Precision_test: 0.620253
Recall_test: 0.573099
F1_test: 0.595745
 
Paso: 0.200000
Gamma: 0.000000
Parada: 0.100000
Iteraciones: 1000000
CapasDesde: 2
CapasHasta: 5
Repeticiones: 5
Intervalo: 10000
MultiplicadorProfunda: 0.700000
Tarjeta: NVIDIA GeForce RTX 3090 Ti

Costos:
0.2126430.1984690.1917810.1886720.1870420.1859500.1851360.1844980.1839840.1835580.1831990.1828920.1826260.1823920.1821860.1820030.1818380.1816890.1815540.1814310.1813180.1812140.1811180.1810290.1809470.1808700.1807980.1807320.1806690.1806090.1805530.1805010.1804510.1804040.1803590.1803170.1802770.1802380.1802010.1801670.1801330.1801000.1800690.1800390.1800110.1799830.1799570.1799320.1799070.1798820.1798590.1798360.1798140.1797930.1797730.1797540.1797350.1797160.1796980.1796800.1796620.1796460.1796290.1796130.1795970.1795820.1795660.1795520.1795380.1795240.1795110.1794970.1794840.1794710.1794590.1794470.1794340.1794230.1794110.1794000.1793890.1793780.1793680.1793570.1793470.1793370.1793270.1793170.1793070.1792970.1792880.1792790.1792700.1792610.1792530.1792440.1792360.1792280.179220