
Arquitectura: _2_6_1_
Semilla: 1764754696
Segundos: 597
NIteraciones: 1000000

Costo_train: 0.182969
Precision_train: 0.743506
Recall_train: 0.609043
F1_train: 0.669591

Costo_test: 0.200348
Precision_test: 0.608434
Recall_test: 0.590643
F1_test: 0.599406
 
Paso: 0.200000
Gamma: 0.000000
Parada: 0.100000
Iteraciones: 1000000
CapasDesde: 2
CapasHasta: 5
Repeticiones: 5
Intervalo: 10000
MultiplicadorProfunda: 0.700000
Tarjeta: NVIDIA GeForce RTX 3090 Ti

Costos:
0.2121180.1982330.1919500.1896930.1886480.1880180.1875780.1872440.1869690.1867300.1865210.1863370.1861700.1860170.1858750.1857420.1856180.1855020.1853940.1852930.1851980.1851090.1850250.1849460.1848720.1848030.1847360.1846730.1846130.1845560.1845010.1844490.1843990.1843520.1843060.1842610.1842190.1841780.1841390.1841010.1840640.1840270.1839930.1839610.1839290.1838980.1838680.1838380.1838100.1837820.1837540.1837280.1837030.1836780.1836540.1836300.1836070.1835840.1835620.1835400.1835190.1834990.1834790.1834600.1834410.1834230.1834060.1833880.1833710.1833540.1833370.1833210.1833050.1832900.1832740.1832590.1832440.1832300.1832160.1832020.1831880.1831750.1831610.1831480.1831350.1831220.1831090.1830960.1830850.1830740.1830620.1830510.1830400.1830300.1830190.1830080.1829980.1829880.182979