
Arquitectura: _2_6_1_
Semilla: 1764776278
Segundos: 612
NIteraciones: 1000000

Costo_train: 0.180117
Precision_train: 0.726866
Recall_train: 0.647606
F1_train: 0.684951

Costo_test: 0.204656
Precision_test: 0.657343
Recall_test: 0.549708
F1_test: 0.598726
 
Paso: 0.200000
Gamma: 0.000000
Parada: 0.100000
Iteraciones: 1000000
CapasDesde: 2
CapasHasta: 5
Repeticiones: 5
Intervalo: 10000
MultiplicadorProfunda: 0.700000
Tarjeta: NVIDIA GeForce RTX 3090 Ti

Costos:
0.2162360.2053360.1941530.1898960.1879730.1868660.1861100.1855410.1850870.1847130.1843960.1841240.1838860.1836770.1834910.1833240.1831740.1830370.1829130.1827990.1826950.1825970.1825070.1824240.1823450.1822720.1822030.1821360.1820760.1820170.1819620.1819090.1818590.1818110.1817660.1817220.1816800.1816400.1816010.1815640.1815280.1814940.1814610.1814280.1813980.1813680.1813390.1813100.1812810.1812280.1811570.1810980.1810520.1810140.1809790.1809470.1809160.1808850.1808570.1808300.1808030.1807780.1807520.1807270.1807020.1806790.1806550.1806330.1806110.1805890.1805680.1805470.1805270.1805080.1804890.1804710.1804520.1804350.1804170.1804000.1803840.1803680.1803520.1803350.1803190.1803040.1802880.1802730.1802580.1802440.1802300.1802170.1802030.1801910.1801780.1801660.1801530.1801420.180129