
Arquitectura: _2_6_1_
Semilla: 1764779470
Segundos: 604
NIteraciones: 1000000

Costo_train: 0.179234
Precision_train: 0.729927
Recall_train: 0.664894
F1_train: 0.695894

Costo_test: 0.201344
Precision_test: 0.618750
Recall_test: 0.578947
F1_test: 0.598187
 
Paso: 0.200000
Gamma: 0.000000
Parada: 0.100000
Iteraciones: 1000000
CapasDesde: 2
CapasHasta: 5
Repeticiones: 5
Intervalo: 10000
MultiplicadorProfunda: 0.700000
Tarjeta: NVIDIA GeForce RTX 3090 Ti

Costos:
0.2102000.1974780.1916620.1887220.1869990.1858660.1850400.1844050.1838980.1834830.1831360.1828400.1825850.1823610.1821650.1819900.1818330.1816920.1815640.1814470.1813390.1812400.1811490.1810640.1809850.1809110.1808420.1807770.1807150.1806570.1806020.1805500.1805000.1804530.1804080.1803660.1803240.1802850.1802480.1802130.1801780.1801450.1801130.1800820.1800530.1800250.1799980.1799720.1799460.1799210.1798970.1798730.1798510.1798290.1798090.1797890.1797690.1797500.1797310.1797130.1796950.1796780.1796610.1796440.1796280.1796120.1795970.1795810.1795670.1795530.1795390.1795250.1795120.1794990.1794860.1794730.1794610.1794490.1794380.1794260.1794150.1794040.1793930.1793820.1793720.1793610.1793510.1793410.1793300.1793200.1793110.1793020.1792930.1792840.1792760.1792670.1792580.1792500.179242