
Arquitectura: _2_9_1_
Semilla: 1764783054
Segundos: 551
NIteraciones: 1000000

Costo_train: 0.158968
Precision_train: 0.779240
Recall_train: 0.708777
F1_train: 0.742340

Costo_test: 0.171762
Precision_test: 0.717241
Recall_test: 0.608187
F1_test: 0.658228
 
Paso: 0.200000
Gamma: 0.000000
Parada: 0.100000
Iteraciones: 1000000
CapasDesde: 2
CapasHasta: 5
Repeticiones: 5
Intervalo: 10000
MultiplicadorProfunda: 0.700000
Tarjeta: NVIDIA GeForce RTX 3090 Ti

Costos:
0.2100950.1952410.1878200.1756100.1714700.1690170.1672850.1661420.1652870.1646170.1640870.1636660.1633310.1630590.1628370.1626520.1624950.1623600.1622420.1621360.1620410.1619540.1618720.1617960.1617230.1616530.1615860.1615210.1614570.1613950.1613350.1612760.1612180.1611620.1611080.1610540.1610020.1609510.1609020.1608550.1608090.1607650.1607210.1606790.1606380.1605990.1605600.1605230.1604880.1604530.1604200.1603870.1603550.1603240.1602940.1602650.1602370.1602100.1601840.1601580.1601330.1601090.1600850.1600620.1600390.1600170.1599960.1599750.1599540.1599340.1599140.1598920.1598700.1598450.1598180.1597870.1597490.1596530.1595280.1594760.1594400.1594070.1593770.1593470.1593190.1592900.1592630.1592370.1592120.1591870.1591630.1591390.1591160.1590940.1590720.1590510.1590300.1590090.158988