
Arquitectura: _2_9_1_
Semilla: 1764784805
Segundos: 523
NIteraciones: 1000000

Costo_train: 0.131089
Precision_train: 0.832636
Recall_train: 0.793883
F1_train: 0.812798

Costo_test: 0.145113
Precision_test: 0.755814
Recall_test: 0.760234
F1_test: 0.758017
 
Paso: 0.200000
Gamma: 0.000000
Parada: 0.100000
Iteraciones: 1000000
CapasDesde: 2
CapasHasta: 5
Repeticiones: 5
Intervalo: 10000
MultiplicadorProfunda: 0.700000
Tarjeta: NVIDIA GeForce RTX 3090 Ti

Costos:
0.2125200.1921190.1809820.1764050.1732990.1707140.1690630.1679920.1672380.1666680.1662130.1658360.1655140.1652310.1649800.1647520.1645430.1643520.1641730.1640060.1638500.1637040.1635640.1634330.1633090.1631910.1630780.1629710.1628680.1627700.1626760.1625870.1625010.1624180.1623390.1622620.1621860.1621150.1620460.1619780.1619120.1618460.1617840.1617230.1616630.1616020.1614240.1575500.1484510.1397940.1372120.1363080.1355810.1350000.1346220.1343280.1340810.1338670.1336800.1335130.1333620.1332240.1330980.1329820.1328730.1327730.1326800.1325920.1325090.1324310.1323560.1322860.1322190.1321540.1320930.1320340.1319780.1319240.1318720.1318220.1317740.1317280.1316830.1316390.1315970.1315560.1315160.1314760.1314380.1314030.1313680.1313330.1313000.1312660.1312340.1312020.1311730.1311440.131116