
Arquitectura: _2_9_1_
Semilla: 1764787421
Segundos: 344
NIteraciones: 1000000

Costo_train: 0.153667
Precision_train: 0.822358
Recall_train: 0.714096
F1_train: 0.764413

Costo_test: 0.174590
Precision_test: 0.757143
Recall_test: 0.619883
F1_test: 0.681672
 
Paso: 0.200000
Gamma: 0.000000
Parada: 0.100000
Iteraciones: 1000000
CapasDesde: 2
CapasHasta: 5
Repeticiones: 5
Intervalo: 10000
MultiplicadorProfunda: 0.700000
Tarjeta: NVIDIA GeForce RTX 3090 Ti

Costos:
0.2120020.1930540.1836890.1785220.1752960.1730400.1709840.1689110.1660670.1635170.1622800.1614780.1608860.1604120.1600100.1596580.1593420.1590570.1587950.1585550.1583340.1581290.1579390.1577630.1575980.1574430.1572990.1571630.1570350.1569130.1567990.1566900.1565870.1564880.1563950.1563030.1562180.1561350.1560560.1559800.1559060.1558350.1557670.1557010.1556360.1555720.1555130.1554550.1553980.1553420.1552890.1552360.1551850.1551350.1550870.1550390.1549940.1549490.1549040.1548620.1548200.1547790.1547390.1547000.1546610.1546230.1545850.1545470.1545110.1544760.1544410.1544090.1543760.1543450.1543140.1542830.1542520.1542220.1541920.1541630.1541340.1541050.1540770.1540490.1540210.1539940.1539670.1539410.1539160.1538920.1538670.1538430.1538200.1537970.1537750.1537530.1537310.1537100.153689