
Arquitectura: _2_9_1_
Semilla: 1764781059
Segundos: 605
NIteraciones: 1000000

Costo_train: 0.164353
Precision_train: 0.797909
Recall_train: 0.609043
F1_train: 0.690799

Costo_test: 0.172732
Precision_test: 0.687500
Recall_test: 0.578947
F1_test: 0.628571
 
Paso: 0.200000
Gamma: 0.000000
Parada: 0.100000
Iteraciones: 1000000
CapasDesde: 2
CapasHasta: 5
Repeticiones: 5
Intervalo: 10000
MultiplicadorProfunda: 0.700000
Tarjeta: NVIDIA GeForce RTX 3090 Ti

Costos:
0.2118970.1982030.1916110.1881140.1857910.1840330.1827100.1803700.1768430.1736310.1715550.1705900.1700320.1696400.1693290.1690640.1688300.1686200.1684290.1682520.1680910.1679400.1678010.1676720.1675520.1674390.1673330.1672330.1671390.1670500.1669650.1668860.1668080.1667350.1666650.1665970.1665320.1664700.1664090.1663500.1662930.1662380.1661850.1661340.1660840.1660350.1659870.1659400.1658950.1658510.1658080.1657660.1657240.1656830.1656430.1656040.1655660.1655280.1654900.1654540.1654170.1653820.1653480.1653130.1652790.1652460.1652130.1651810.1651490.1651170.1650860.1650550.1650250.1649960.1649670.1649380.1649090.1648800.1648520.1648250.1647980.1647710.1647450.1647180.1646930.1646670.1646420.1646180.1645940.1645700.1645470.1645240.1645020.1644800.1644580.1644370.1644150.1643940.164373