
Arquitectura: _2_9_1_
Semilla: 1764786287
Segundos: 345
NIteraciones: 1000000

Costo_train: 0.174561
Precision_train: 0.691111
Recall_train: 0.827128
F1_train: 0.753027

Costo_test: 0.180799
Precision_test: 0.644144
Recall_test: 0.836257
F1_test: 0.727735
 
Paso: 0.200000
Gamma: 0.000000
Parada: 0.100000
Iteraciones: 1000000
CapasDesde: 2
CapasHasta: 5
Repeticiones: 5
Intervalo: 10000
MultiplicadorProfunda: 0.700000
Tarjeta: NVIDIA GeForce RTX 3090 Ti

Costos:
0.2147560.1955700.1881010.1854570.1839400.1829560.1822950.1818320.1814810.1811850.1809090.1806150.1802440.1798340.1794420.1790840.1787640.1784830.1782380.1780220.1778330.1776650.1775150.1773790.1772560.1771430.1770400.1769440.1768550.1767720.1766940.1766200.1765510.1764840.1764210.1763620.1763040.1762490.1761960.1761460.1760960.1760490.1760030.1759590.1759170.1758750.1758340.1757950.1757570.1757200.1756840.1756490.1756140.1755800.1755470.1755150.1754840.1754540.1754240.1753940.1753640.1753360.1753080.1752810.1752540.1752280.1752020.1751770.1751520.1751280.1751050.1750810.1750580.1750340.1750120.1749910.1749700.1749490.1749280.1749080.1748880.1748680.1748490.1748310.1748120.1747940.1747770.1747590.1747410.1747240.1747070.1746900.1746730.1746570.1746400.1746240.1746080.1745920.174576