
Arquitectura: _2_3_3_1_
Semilla: 1764754537
Segundos: 539
NIteraciones: 960000

Costo_train: 0.099711
Precision_train: 0.927835
Recall_train: 0.666667
F1_train: 0.775862

Costo_test: 0.085589
Precision_test: 0.900990
Recall_test: 0.722222
F1_test: 0.801762
 
Paso: 0.200000
Gamma: 0.000000
Parada: 0.100000
Iteraciones: 1000000
CapasDesde: 2
CapasHasta: 5
Repeticiones: 5
Intervalo: 10000
MultiplicadorProfunda: 0.700000
Tarjeta: NVIDIA GeForce RTX 3090 Ti

Costos:
0.2235790.2235090.2234370.2233060.2230170.2223980.2211670.2186170.2136060.2028090.1914290.1878690.1807560.1691390.1645620.1621180.1606030.1595380.1587090.1580140.1574010.1568410.1563160.1558290.1553880.1549890.1546280.1542970.1539930.1537090.1534400.1531840.1529400.1527070.1524830.1522670.1520580.1518560.1516580.1514650.1512730.1510860.1508970.1507070.1505120.1503080.1500800.1497950.1494070.1488510.1478020.1385910.1339590.1325020.1305960.1300440.1295990.1292200.1288940.1286060.1283500.1281160.1279000.1276970.1274990.1272970.1270970.1269070.1267220.1265380.1263480.1261420.1259070.1256280.1252910.1248980.1244610.1239760.1233620.1224940.1214920.1197770.1159960.1141550.1127490.1116510.1107880.1095860.1079080.1059690.1046000.1034870.1024780.1015330.1006240.099711