
Arquitectura: _2_3_3_3_1_
Semilla: 1764776689
Segundos: 530
NIteraciones: 370000

Costo_train: 0.056240
Precision_train: 0.890845
Recall_train: 0.937037
F1_train: 0.913357

Costo_test: 0.049734
Precision_test: 0.906977
Recall_test: 0.928571
F1_test: 0.917647
 
Paso: 0.200000
Gamma: 0.000000
Parada: 0.100000
Iteraciones: 1000000
CapasDesde: 2
CapasHasta: 5
Repeticiones: 5
Intervalo: 10000
MultiplicadorProfunda: 0.700000
Tarjeta: NVIDIA GeForce RTX 3090 Ti

Costos:
0.2237150.2236630.2236170.2235720.2235230.2234650.2233870.2232740.2231030.2228510.2225140.2221120.2216740.2212190.2207330.2201530.2193070.2179010.2160970.2148990.2143680.2140730.2137830.2133640.2126700.2110270.2059850.1971450.1897850.1839010.1796490.1767650.1746220.1725090.1656100.1102460.056240