
Arquitectura: _2_3_3_1_
Semilla: 1764755124
Segundos: 1011
NIteraciones: 1000000

Costo_train: 0.168509
Precision_train: 0.834081
Recall_train: 0.344444
F1_train: 0.487549

Costo_test: 0.171759
Precision_test: 0.773585
Recall_test: 0.325397
F1_test: 0.458101
 
Paso: 0.200000
Gamma: 0.000000
Parada: 0.100000
Iteraciones: 1000000
CapasDesde: 2
CapasHasta: 5
Repeticiones: 5
Intervalo: 10000
MultiplicadorProfunda: 0.700000
Tarjeta: NVIDIA GeForce RTX 3090 Ti

Costos:
0.2236560.2235520.2234760.2233470.2230390.2223320.2208240.2175080.2081820.1939060.1883080.1866970.1859760.1855010.1850930.1846380.1840100.1835460.1831150.1827060.1823070.1819040.1814810.1810330.1805670.1801050.1796620.1792460.1788570.1784940.1781560.1778390.1775410.1772620.1769950.1767450.1765080.1762850.1760760.1758810.1756990.1755280.1753670.1752150.1750740.1749410.1748150.1746960.1745820.1744730.1743700.1742700.1741740.1740790.1739890.1739010.1738130.1737250.1736370.1735470.1734540.1733570.1732530.1731420.1730190.1728830.1727310.1725610.1723690.1721540.1719160.1716610.1713960.1711320.1708810.1706490.1704400.1702550.1700940.1699520.1698270.1697150.1696150.1695230.1694390.1693610.1692860.1692160.1691480.1690830.1690190.1689560.1688950.1688360.1687790.1687240.1686690.1686150.168562