
Arquitectura: _2_3_3_3_1_
Semilla: 1764777268
Segundos: 1398
NIteraciones: 1000000

Costo_train: 0.109689
Precision_train: 0.895288
Recall_train: 0.633333
F1_train: 0.741866

Costo_test: 0.095343
Precision_test: 0.908046
Recall_test: 0.626984
F1_test: 0.741784
 
Paso: 0.200000
Gamma: 0.000000
Parada: 0.100000
Iteraciones: 1000000
CapasDesde: 2
CapasHasta: 5
Repeticiones: 5
Intervalo: 10000
MultiplicadorProfunda: 0.700000
Tarjeta: NVIDIA GeForce RTX 3090 Ti

Costos:
0.2236340.2235750.2235320.2234960.2234550.2233980.2233020.2231420.2228960.2225670.2221730.2217320.2212420.2206780.2199400.2187780.2169320.2150580.2138600.2104540.1973390.1869800.1839730.1758470.1674870.1651950.1639660.1629530.1623220.1618270.1613350.1607040.1590760.1569220.1563110.1549960.1540340.1533210.1529210.1514500.1511990.1510230.1508450.1506610.1504620.1502420.1499850.1496740.1492820.1487680.1480750.1471480.1459860.1447690.1437650.1430590.1425800.1422410.1419840.1417750.1415980.1414440.1413050.1411790.1410630.1409570.1408570.1407640.1406760.1405930.1405140.1404380.1403660.1402960.1402270.1401610.1400970.1400340.1399740.1399130.1398540.1397950.1397360.1396770.1396180.1395600.1395000.1394400.1393780.1393150.1392480.1391780.1391000.1390100.1388930.1386890.1358500.1118780.110445