
Arquitectura: _2_3_3_3_1_
Semilla: 1764779212
Segundos: 518
NIteraciones: 370000

Costo_train: 0.091458
Precision_train: 0.949296
Recall_train: 0.624074
F1_train: 0.753073

Costo_test: 0.090780
Precision_test: 0.906250
Recall_test: 0.690476
F1_test: 0.783784
 
Paso: 0.200000
Gamma: 0.000000
Parada: 0.100000
Iteraciones: 1000000
CapasDesde: 2
CapasHasta: 5
Repeticiones: 5
Intervalo: 10000
MultiplicadorProfunda: 0.700000
Tarjeta: NVIDIA GeForce RTX 3090 Ti

Costos:
0.2236550.2236360.2236120.2235840.2235470.2234950.2234210.2233060.2231250.2228510.2224710.2220190.2215480.2210940.2206670.2202530.2198200.2193110.2186130.2175250.2157220.2125610.2065940.1982570.1916840.1875390.1845320.1816040.1779680.1742340.1711570.1686100.1664310.1634330.1271250.1027490.091458