
Arquitectura: _2_3_3_3_3_1_
Semilla: 1764782988
Segundos: 1401
NIteraciones: 880000

Costo_train: 0.080568
Precision_train: 0.830846
Recall_train: 0.927778
F1_train: 0.876640

Costo_test: 0.091439
Precision_test: 0.768212
Recall_test: 0.920635
F1_test: 0.837545
 
Paso: 0.200000
Gamma: 0.000000
Parada: 0.100000
Iteraciones: 1000000
CapasDesde: 2
CapasHasta: 5
Repeticiones: 5
Intervalo: 10000
MultiplicadorProfunda: 0.700000
Tarjeta: NVIDIA GeForce RTX 3090 Ti

Costos:
0.2237410.2237400.2237390.2237390.2237380.2237370.2237370.2237360.2237350.2237340.2237330.2237320.2237320.2237310.2237300.2237290.2237280.2237270.2237260.2237250.2237240.2237230.2237210.2237200.2237190.2237170.2237150.2237140.2237110.2237090.2237060.2237040.2237000.2236970.2236930.2236890.2236840.2236780.2236710.2236640.2236550.2236450.2236330.2236180.2236010.2235800.2235540.2235210.2234800.2234270.2233590.2232700.2231530.2229980.2227980.2225450.2222470.2219230.2216040.2213110.2210540.2208300.2206330.2204530.2202820.2201110.2199340.2197400.2195180.2192500.2188930.2183300.2173490.2158050.2133030.2098080.2017780.1930620.1868510.1817160.1768220.1717430.1671340.1633600.1601990.1553420.1180620.080568