
Arquitectura: _2_3_3_3_3_1_
Semilla: 1764781218
Segundos: 1727
NIteraciones: 960000

Costo_train: 0.025014
Precision_train: 0.998131
Recall_train: 0.988889
F1_train: 0.993488

Costo_test: 0.026388
Precision_test: 0.992000
Recall_test: 0.984127
F1_test: 0.988048
 
Paso: 0.200000
Gamma: 0.000000
Parada: 0.100000
Iteraciones: 1000000
CapasDesde: 2
CapasHasta: 5
Repeticiones: 5
Intervalo: 10000
MultiplicadorProfunda: 0.700000
Tarjeta: NVIDIA GeForce RTX 3090 Ti

Costos:
0.2237280.2237280.2237270.2237270.2237260.2237260.2237260.2237250.2237250.2237240.2237230.2237230.2237220.2237220.2237210.2237210.2237200.2237190.2237190.2237180.2237170.2237170.2237160.2237150.2237140.2237130.2237120.2237110.2237100.2237090.2237070.2237060.2237040.2237030.2237010.2236990.2236970.2236950.2236930.2236910.2236880.2236850.2236810.2236780.2236740.2236700.2236650.2236590.2236530.2236460.2236380.2236290.2236180.2236060.2235910.2235750.2235540.2235290.2234990.2234630.2234170.2233610.2232910.2232030.2230940.2229600.2228000.2226110.2224000.2221710.2219320.2216850.2214320.2211680.2208880.2205840.2202460.2198500.2193440.2185870.2171480.2142370.2107210.2056260.1925430.1829690.1784770.1760700.1745560.1734780.1726140.1718120.1708560.1690590.1589440.025014