
Arquitectura: _2_3_3_1_
Semilla: 1764757224
Segundos: 19428
NIteraciones: 1000000

Costo_train: 0.147007
Precision_train: 0.796875
Recall_train: 0.566667
F1_train: 0.662338

Costo_test: 0.163216
Precision_test: 0.711340
Recall_test: 0.547619
F1_test: 0.618834
 
Paso: 0.200000
Gamma: 0.000000
Parada: 0.100000
Iteraciones: 1000000
CapasDesde: 2
CapasHasta: 5
Repeticiones: 5
Intervalo: 10000
MultiplicadorProfunda: 0.700000
Tarjeta: NVIDIA GeForce RTX 3090 Ti

Costos:
0.2236000.2233370.2228930.2219630.2197730.2143800.2003540.1881890.1849240.1834660.1824880.1817260.1810900.1805300.1800130.1795130.1790180.1785300.1780590.1776100.1771730.1766880.1761240.1756940.1753320.1750130.1747280.1744720.1742410.1740300.1738360.1736570.1734900.1733350.1731880.1730470.1729130.1727820.1726520.1725230.1723920.1722550.1721100.1719500.1717610.1715050.1710380.1698880.1674290.1583310.1525150.1502700.1493330.1488590.1485840.1484050.1482800.1481840.1481060.1480400.1479820.1479310.1478830.1478390.1477970.1477590.1477230.1476870.1476530.1476210.1475900.1475600.1475320.1475050.1474790.1474540.1474290.1474050.1473810.1473580.1473360.1473140.1472930.1472730.1472530.1472340.1472150.1471960.1471780.1471600.1471420.1471250.1471080.1470920.1470770.1470620.1470480.1470340.147020