
Arquitectura: _2_3_3_3_1_
Semilla: 1764779773
Segundos: 1397
NIteraciones: 1000000

Costo_train: 0.163248
Precision_train: 0.869565
Recall_train: 0.333333
F1_train: 0.481928

Costo_test: 0.171715
Precision_test: 0.750000
Recall_test: 0.333333
F1_test: 0.461538
 
Paso: 0.200000
Gamma: 0.000000
Parada: 0.100000
Iteraciones: 1000000
CapasDesde: 2
CapasHasta: 5
Repeticiones: 5
Intervalo: 10000
MultiplicadorProfunda: 0.700000
Tarjeta: NVIDIA GeForce RTX 3090 Ti

Costos:
0.2236820.2236730.2236630.2236520.2236370.2236220.2236030.2235800.2235510.2235110.2234510.2233580.2232090.2229770.2226380.2221710.2215180.2204420.2181120.2134610.2025770.1893190.1851310.1832870.1821250.1812450.1804980.1798100.1791530.1785160.1778930.1772630.1763620.1752540.1744230.1737620.1732280.1727770.1723830.1720310.1717160.1714280.1711650.1709230.1707020.1704980.1703090.1701360.1699740.1698250.1696870.1695560.1694340.1693200.1692130.1691110.1690150.1689240.1688370.1687520.1686710.1685950.1685190.1684450.1683710.1682970.1682230.1681460.1680680.1679880.1679040.1678150.1677220.1676220.1675170.1674020.1672770.1671380.1669820.1668070.1666080.1663840.1661370.1658700.1655920.1653110.1650400.1647880.1645590.1643580.1641790.1640230.1638840.1637620.1636540.1635560.1634680.1633880.163316