
Arquitectura: _2_3_3_1_
Semilla: 1764756171
Segundos: 1004
NIteraciones: 1000000

Costo_train: 0.105686
Precision_train: 0.922111
Recall_train: 0.679630
F1_train: 0.782516

Costo_test: 0.105827
Precision_test: 0.922222
Recall_test: 0.658730
F1_test: 0.768518
 
Paso: 0.200000
Gamma: 0.000000
Parada: 0.100000
Iteraciones: 1000000
CapasDesde: 2
CapasHasta: 5
Repeticiones: 5
Intervalo: 10000
MultiplicadorProfunda: 0.700000
Tarjeta: NVIDIA GeForce RTX 3090 Ti

Costos:
0.2237540.2236140.2235570.2235200.2234760.2233960.2232050.2226920.2213570.2178150.2102700.1978250.1897660.1871600.1833180.1725680.1676930.1650160.1633850.1622950.1615040.1608940.1604020.1599910.1596390.1593320.1590560.1588060.1585730.1583500.1581280.1578980.1576470.1573600.1570260.1566610.1562970.1559570.1556400.1553440.1550660.1548030.1545500.1543010.1540330.1537090.1532600.1521290.1435720.1347160.1327570.1317960.1311790.1307270.1303700.1300720.1298130.1295820.1293650.1291330.1287570.1273420.1270500.1268240.1266330.1264680.1263220.1261900.1260690.1259570.1258480.1257450.1256450.1255440.1254430.1253390.1252290.1251090.1249630.1247700.1244770.1240120.1233450.1225850.1213900.1206010.1199850.1176370.1148620.1138930.1131390.1125000.1119330.1114110.1109020.1103510.1090560.1079990.106912