
Arquitectura: _2_3_3_1_
Semilla: 1764754386
Segundos: 144
NIteraciones: 1000000

Costo_train: 0.147117
Precision_train: 0.798956
Recall_train: 0.566667
F1_train: 0.663055

Costo_test: 0.163296
Precision_test: 0.711340
Recall_test: 0.547619
F1_test: 0.618834
 
Paso: 0.200000
Gamma: 0.000000
Parada: 0.100000
Iteraciones: 1000000
CapasDesde: 2
CapasHasta: 5
Repeticiones: 5
Intervalo: 10000
MultiplicadorProfunda: 0.700000
Tarjeta: NVIDIA GeForce RTX 3090 Ti

Costos:
0.2233560.2230130.2222630.2204640.2161590.2113310.1955330.1865280.1839430.1825830.1815980.1807730.1800400.1793730.1787430.1780570.1773760.1768360.1763650.1759490.1755760.1752430.1749430.1746730.1744270.1742040.1739990.1738120.1736400.1734800.1733320.1731930.1730650.1729450.1728320.1727250.1726240.1725300.1724410.1723560.1722740.1721960.1721220.1720520.1719850.1719200.1718570.1717950.1717350.1716780.1716220.1715670.1715110.1714540.1713930.1713200.1712160.1710180.1704760.1688560.1658300.1534940.1504690.1495780.1490880.1487430.1484800.1482750.1481160.1479930.1478980.1478230.1477640.1477140.1476710.1476330.1475990.1475680.1475390.1475110.1474860.1474610.1474370.1474130.1473910.1473700.1473490.1473280.1473080.1472880.1472680.1472490.1472300.1472130.1471960.1471790.1471630.1471480.147132