
Arquitectura: _2_3_3_3_1_
Semilla: 1764778709
Segundos: 461
NIteraciones: 330000

Costo_train: 0.031649
Precision_train: 0.996276
Recall_train: 0.990741
F1_train: 0.993500

Costo_test: 0.034731
Precision_test: 1.000000
Recall_test: 0.968254
F1_test: 0.983871
 
Paso: 0.200000
Gamma: 0.000000
Parada: 0.100000
Iteraciones: 1000000
CapasDesde: 2
CapasHasta: 5
Repeticiones: 5
Intervalo: 10000
MultiplicadorProfunda: 0.700000
Tarjeta: NVIDIA GeForce RTX 3090 Ti

Costos:
0.2237200.2237160.2237100.2237030.2236930.2236810.2236660.2236460.2236210.2235890.2235480.2234910.2234060.2232750.2230740.2227890.2224320.2220310.2216010.2211300.2205550.2196860.2179560.2143940.2071160.1917380.1821410.1775590.1749380.1730300.1708390.1511230.031649