
Arquitectura: _2_9_1_
Semilla: 1764754335
Segundos: 1
NIteraciones: 10000

Costo_train: 0.001162
Precision_train: 1.000000
Recall_train: 0.998775
F1_train: 0.999387

Costo_test: 0.000443
Precision_test: 1.000000
Recall_test: 1.000000
F1_test: 1.000000
 
Paso: 0.200000
Gamma: 0.000000
Parada: 0.100000
Iteraciones: 1000000
CapasDesde: 2
CapasHasta: 5
Repeticiones: 5
Intervalo: 10000
MultiplicadorProfunda: 0.700000
Tarjeta: NVIDIA GeForce RTX 3090 Ti

Costos:
0.001162