
Arquitectura: _2_30_1_
Semilla: 1764753648
Segundos: 87
NIteraciones: 1000000

Costo_train: 0.214702
Precision_train: 0.673342
Recall_train: 0.666667
F1_train: 0.669988

Costo_test: 0.287427
Precision_test: 0.474747
Recall_test: 0.508108
F1_test: 0.490862
 
Paso: 0.200000
Gamma: 0.900000
Parada: 0.100000
Iteraciones: 1000000
CapasDesde: 10
CapasHasta: 10
Repeticiones: 5
Intervalo: 10000
MultiplicadorProfunda: 0.700000
Tarjeta: NVIDIA GeForce RTX 3090 Ti

Costos:
0.2375530.2345020.2328100.2316330.2306390.2280720.2267600.2261550.2257390.2254010.2250740.2246010.2240070.2235450.2231640.2228400.2225600.2223130.2220910.2218890.2216970.2213990.2211040.2208770.2206840.2205080.2203430.2201830.2200240.2198610.2196920.2195280.2193830.2192510.2191280.2190090.2188950.2187860.2186800.2185770.2184780.2183810.2182880.2181970.2181080.2180210.2178190.2174590.2171360.2169900.2168380.2166230.2163820.2162110.2160900.2159960.2159180.2158510.2157910.2157360.2156840.2156370.2155930.2155510.2155100.2154720.2154350.2154010.2153670.2153350.2153040.2152740.2152450.2152170.2151910.2151650.2151400.2151150.2150910.2150680.2150450.2150230.2150020.2149820.2149620.2149420.2149220.2149030.2148840.2148660.2148480.2148310.2148140.2147970.2147810.2147650.2147490.2147330.214717