
Arquitectura: _2_3_3_3_3_1_
Semilla: 1764779716
Segundos: 1709
NIteraciones: 960000

Costo_train: 0.047876
Precision_train: 0.922156
Recall_train: 0.950617
F1_train: 0.936170

Costo_test: 0.032476
Precision_test: 0.947020
Recall_test: 0.940789
F1_test: 0.943894
 
Paso: 0.200000
Gamma: 0.000000
Parada: 0.100000
Iteraciones: 1000000
CapasDesde: 2
CapasHasta: 5
Repeticiones: 5
Intervalo: 10000
MultiplicadorProfunda: 0.700000
Tarjeta: NVIDIA GeForce RTX 3090 Ti

Costos:
0.2409660.2409650.2409640.2409640.2409630.2409620.2409610.2409600.2409590.2409580.2409570.2409560.2409540.2409530.2409510.2409490.2409470.2409450.2409430.2409400.2409360.2409330.2409280.2409230.2409170.2409100.2409010.2408900.2408760.2408590.2408370.2408070.2407670.2407100.2406270.2404970.2402800.2398720.2389740.2365400.2276290.1977750.1659180.1555210.1530230.1519790.1514040.1510290.1507530.1505260.1503100.1500630.1496940.1489210.1467560.1405740.1318380.1266140.1240580.1226780.1218420.1212890.1208970.1206050.1203810.1202010.1200550.1199330.1198300.1197410.1196640.1195960.1195360.1194830.1194340.1193900.1193490.1193110.1192760.1192430.1192110.1191800.1191510.1191220.1190920.1190610.1190290.1189920.1189510.1189000.1188310.1187290.1185430.1180660.1144140.047876