
Arquitectura: _2_3_3_3_3_1_
Semilla: 1764783262
Segundos: 880
NIteraciones: 570000

Costo_train: 0.050143
Precision_train: 0.949429
Recall_train: 0.898148
F1_train: 0.923077

Costo_test: 0.037452
Precision_test: 0.985714
Recall_test: 0.907895
F1_test: 0.945205
 
Paso: 0.200000
Gamma: 0.000000
Parada: 0.100000
Iteraciones: 1000000
CapasDesde: 2
CapasHasta: 5
Repeticiones: 5
Intervalo: 10000
MultiplicadorProfunda: 0.700000
Tarjeta: NVIDIA GeForce RTX 3090 Ti

Costos:
0.2409700.2409690.2409690.2409690.2409680.2409670.2409670.2409660.2409650.2409650.2409640.2409630.2409620.2409610.2409590.2409580.2409570.2409550.2409530.2409510.2409480.2409450.2409420.2409380.2409340.2409290.2409230.2409150.2409070.2408960.2408820.2408650.2408440.2408150.2407780.2407260.2406530.2405460.2403790.2400960.2395500.2382640.2344470.2232580.2115550.2030810.1732010.1566340.1503660.1436550.1345330.1284390.1251330.1231410.1216210.1185400.050143