
Arquitectura: _2_3_3_3_1_
Semilla: 1764776459
Segundos: 1407
NIteraciones: 1000000

Costo_train: 0.152436
Precision_train: 0.940810
Recall_train: 0.466049
F1_train: 0.623323

Costo_test: 0.145232
Precision_test: 0.945205
Recall_test: 0.453947
F1_test: 0.613333
 
Paso: 0.200000
Gamma: 0.000000
Parada: 0.100000
Iteraciones: 1000000
CapasDesde: 2
CapasHasta: 5
Repeticiones: 5
Intervalo: 10000
MultiplicadorProfunda: 0.700000
Tarjeta: NVIDIA GeForce RTX 3090 Ti

Costos:
0.2409040.2408190.2406830.2404250.2398590.2383340.2331310.2197710.2111800.2079870.2004700.1635470.1578720.1558160.1547710.1541470.1537450.1534710.1532790.1531370.1530310.1529490.1528840.1528330.1527900.1527550.1527250.1527000.1526780.1526590.1526430.1526280.1526150.1526040.1525930.1525840.1525760.1525680.1525600.1525540.1525480.1525420.1525370.1525320.1525280.1525230.1525190.1525150.1525120.1525080.1525050.1525020.1524990.1524960.1524940.1524910.1524890.1524870.1524850.1524820.1524800.1524780.1524770.1524750.1524730.1524710.1524700.1524680.1524660.1524650.1524630.1524620.1524610.1524590.1524580.1524570.1524560.1524540.1524530.1524520.1524510.1524500.1524490.1524480.1524470.1524470.1524460.1524450.1524440.1524430.1524420.1524420.1524410.1524400.1524400.1524390.1524380.1524370.152436