
Arquitectura: _2_3_3_3_1_
Semilla: 1764756623
Segundos: 19799
NIteraciones: 1000000

Costo_train: 0.144732
Precision_train: 0.653608
Recall_train: 0.978395
F1_train: 0.783684

Costo_test: 0.142103
Precision_test: 0.635193
Recall_test: 0.973684
F1_test: 0.768831
 
Paso: 0.200000
Gamma: 0.000000
Parada: 0.100000
Iteraciones: 1000000
CapasDesde: 2
CapasHasta: 5
Repeticiones: 5
Intervalo: 10000
MultiplicadorProfunda: 0.700000
Tarjeta: NVIDIA GeForce RTX 3090 Ti

Costos:
0.2409510.2409450.2409380.2409290.2409170.2408990.2408710.2408260.2407470.2406020.2403030.2395520.2371430.2266490.1831360.1667210.1554280.1510510.1490230.1478880.1471720.1466860.1463360.1460750.1458740.1457150.1455880.1454830.1453970.1453240.1452620.1452090.1451640.1451240.1450890.1450590.1450320.1450080.1449870.1449680.1449510.1449350.1449210.1449090.1448970.1448870.1448770.1448680.1448600.1448520.1448450.1448390.1448330.1448270.1448220.1448170.1448120.1448080.1448040.1448000.1447960.1447930.1447900.1447870.1447840.1447810.1447780.1447750.1447730.1447700.1447680.1447660.1447640.1447620.1447610.1447590.1447570.1447560.1447540.1447530.1447510.1447500.1447490.1447470.1447460.1447450.1447440.1447430.1447420.1447410.1447400.1447390.1447380.1447370.1447360.1447350.1447340.1447330.144732