
Arquitectura: _2_3_3_1_
Semilla: 1764755613
Segundos: 985
NIteraciones: 1000000

Costo_train: 0.125499
Precision_train: 0.927711
Recall_train: 0.475309
F1_train: 0.628571

Costo_test: 0.117201
Precision_test: 0.973333
Recall_test: 0.480263
F1_test: 0.643172
 
Paso: 0.200000
Gamma: 0.000000
Parada: 0.100000
Iteraciones: 1000000
CapasDesde: 2
CapasHasta: 5
Repeticiones: 5
Intervalo: 10000
MultiplicadorProfunda: 0.700000
Tarjeta: NVIDIA GeForce RTX 3090 Ti

Costos:
0.2408140.2396440.2299270.1747660.1542730.1514740.1505890.1501640.1498860.1496310.1492600.1483130.1439110.1332500.1304280.1294740.1289840.1286830.1284750.1283220.1282020.1281040.1280220.1279520.1278890.1278340.1277840.1277380.1276970.1276580.1276230.1275890.1275580.1275290.1275020.1274760.1274510.1274290.1274060.1273850.1273640.1273440.1273250.1273060.1272880.1272690.1272510.1272330.1272160.1271980.1271810.1271630.1271450.1271270.1271080.1270880.1270680.1270450.1270180.1269880.1269560.1269240.1268900.1268550.1268170.1267770.1267350.1266890.1266390.1265790.1265060.1264320.1263630.1262940.1262200.1261360.1260540.1259890.1259350.1258900.1258480.1258100.1257770.1257480.1257220.1256990.1256790.1256590.1256420.1256260.1256100.1255960.1255820.1255680.1255540.1255420.1255300.1255200.125509