
Arquitectura: _2_3_3_3_3_1_
Semilla: 1764781449
Segundos: 1787
NIteraciones: 1000000

Costo_train: 0.149290
Precision_train: 0.938272
Recall_train: 0.469136
F1_train: 0.625514

Costo_test: 0.141535
Precision_test: 0.986301
Recall_test: 0.473684
F1_test: 0.640000
 
Paso: 0.200000
Gamma: 0.000000
Parada: 0.100000
Iteraciones: 1000000
CapasDesde: 2
CapasHasta: 5
Repeticiones: 5
Intervalo: 10000
MultiplicadorProfunda: 0.700000
Tarjeta: NVIDIA GeForce RTX 3090 Ti

Costos:
0.2409690.2409680.2409670.2409670.2409660.2409650.2409640.2409630.2409620.2409610.2409600.2409590.2409580.2409560.2409540.2409520.2409500.2409480.2409450.2409420.2409390.2409360.2409310.2409260.2409200.2409140.2409060.2408960.2408860.2408720.2408550.2408340.2408070.2407720.2407260.2406630.2405730.2404410.2402360.2398970.2392870.2380750.2353460.2287640.2180330.2108980.2077920.2063310.2055310.2050350.2046940.2044420.2042420.2040750.2039250.2037750.2035850.2031650.1993140.1563080.1521170.1512120.1507960.1505480.1503810.1502600.1501680.1500950.1500360.1499860.1499440.1499070.1498740.1498450.1498180.1497930.1497700.1497480.1497250.1497040.1496830.1496610.1496400.1496170.1495950.1495720.1495500.1495250.1495030.1494800.1494580.1494340.1494130.1493930.1493730.1493540.1493360.1493200.149304