
Arquitectura: _2_3_3_1_
Semilla: 1764754833
Segundos: 425
NIteraciones: 430000

Costo_train: 0.054507
Precision_train: 0.952303
Recall_train: 0.893519
F1_train: 0.921975

Costo_test: 0.047831
Precision_test: 0.971014
Recall_test: 0.881579
F1_test: 0.924138
 
Paso: 0.200000
Gamma: 0.000000
Parada: 0.100000
Iteraciones: 1000000
CapasDesde: 2
CapasHasta: 5
Repeticiones: 5
Intervalo: 10000
MultiplicadorProfunda: 0.700000
Tarjeta: NVIDIA GeForce RTX 3090 Ti

Costos:
0.2407740.2395170.2237930.1770390.1473480.1304220.1250060.1228400.1217330.1210750.1206440.1203430.1201210.1199520.1198200.1197130.1196260.1195520.1194910.1194380.1193930.1193520.1193170.1192850.1192570.1192310.1192080.1191860.1191660.1191470.1191290.1191100.1190930.1190750.1190560.1190360.1190120.1189830.1189410.1188710.1187050.1176020.054507