
Arquitectura: _2_3_3_3_1_
Semilla: 1764777896
Segundos: 1381
NIteraciones: 1000000

Costo_train: 0.125271
Precision_train: 0.927928
Recall_train: 0.476852
F1_train: 0.629969

Costo_test: 0.116709
Precision_test: 0.986486
Recall_test: 0.480263
F1_test: 0.646018
 
Paso: 0.200000
Gamma: 0.000000
Parada: 0.100000
Iteraciones: 1000000
CapasDesde: 2
CapasHasta: 5
Repeticiones: 5
Intervalo: 10000
MultiplicadorProfunda: 0.700000
Tarjeta: NVIDIA GeForce RTX 3090 Ti

Costos:
0.2409480.2409380.2409240.2409030.2408670.2407950.2406390.2402800.2393470.2362320.2229390.1957570.1610400.1540060.1519500.1510640.1505610.1501610.1494270.1438410.1323460.1295920.1285570.1280370.1277080.1274710.1272860.1271320.1269990.1268790.1267690.1266680.1265730.1264850.1264040.1263280.1262600.1261990.1261410.1260910.1260430.1260010.1259620.1259270.1258940.1258650.1258370.1258120.1257880.1257670.1257470.1257290.1257110.1256940.1256780.1256640.1256510.1256380.1256260.1256140.1256020.1255910.1255800.1255690.1255590.1255500.1255410.1255320.1255230.1255140.1255060.1254960.1254880.1254790.1254700.1254620.1254540.1254450.1254380.1254300.1254230.1254140.1254070.1253990.1253910.1253820.1253750.1253660.1253590.1253510.1253430.1253350.1253260.1253180.1253100.1253030.1252950.1252870.125278