
Arquitectura: _2_12_1_
Semilla: 1764788322
Segundos: 343
NIteraciones: 1000000

Costo_train: 0.100064
Precision_train: 0.846914
Recall_train: 0.858573
F1_train: 0.852704

Costo_test: 0.104862
Precision_test: 0.846939
Recall_test: 0.825871
F1_test: 0.836272
 
Paso: 0.200000
Gamma: 0.000000
Parada: 0.100000
Iteraciones: 1000000
CapasDesde: 2
CapasHasta: 5
Repeticiones: 5
Intervalo: 10000
MultiplicadorProfunda: 0.700000
Tarjeta: NVIDIA GeForce RTX 3090 Ti

Costos:
0.1897420.1743460.1711340.1695820.1684110.1671390.1656830.1637250.1612420.1584470.1558680.1537980.1517700.1423950.1301590.1246360.1214550.1193030.1176750.1163480.1152060.1141870.1132640.1124210.1116440.1109260.1102530.1096110.1088760.1081970.1076470.1071340.1066490.1061880.1057520.1053360.1049400.1045630.1042020.1038560.1035260.1032070.1029020.1026070.1028590.1032160.1032320.1031570.1030720.1029610.1028520.1027490.1026440.1025450.1024470.1023470.1022550.1021730.1020890.1020060.1019240.1018600.1017840.1017060.1016440.1015760.1015120.1014510.1013910.1013350.1012790.1012260.1011710.1011200.1010660.1010240.1009670.1009290.1008720.1008380.1007930.1007530.1007130.1006730.1006320.1005950.1005640.1005180.1004990.1004560.1004160.1003920.1003470.1003100.1002930.1002540.1002230.1002060.100166