
Arquitectura: _2_12_1_
Semilla: 1764793055
Segundos: 186
NIteraciones: 540000

Costo_train: 0.099883
Precision_train: 0.846246
Recall_train: 0.888611
F1_train: 0.866911

Costo_test: 0.106462
Precision_test: 0.825688
Recall_test: 0.895522
F1_test: 0.859188
 
Paso: 0.200000
Gamma: 0.000000
Parada: 0.100000
Iteraciones: 1000000
CapasDesde: 2
CapasHasta: 5
Repeticiones: 5
Intervalo: 10000
MultiplicadorProfunda: 0.700000
Tarjeta: NVIDIA GeForce RTX 3090 Ti

Costos:
0.2098340.1766350.1721840.1703160.1691830.1683090.1673790.1662670.1649520.1622900.1555630.1467040.1390460.1333170.1292720.1263970.1242520.1225690.1212000.1200490.1188800.1170280.1134220.1112940.1100660.1091480.1084090.1077940.1072700.1068140.1064090.1060450.1057110.1054010.1051090.1048300.1045580.1042820.1039960.1036880.1033410.1029460.1025100.1020720.1016840.1013820.1011500.1009580.1007850.1006180.1004530.1002820.1000980.099883