
Arquitectura: _2_12_1_
Semilla: 1764790788
Segundos: 127
NIteraciones: 370000

Costo_train: 0.096152
Precision_train: 0.854701
Recall_train: 0.876095
F1_train: 0.865266

Costo_test: 0.101106
Precision_test: 0.843137
Recall_test: 0.855721
F1_test: 0.849383
 
Paso: 0.200000
Gamma: 0.000000
Parada: 0.100000
Iteraciones: 1000000
CapasDesde: 2
CapasHasta: 5
Repeticiones: 5
Intervalo: 10000
MultiplicadorProfunda: 0.700000
Tarjeta: NVIDIA GeForce RTX 3090 Ti

Costos:
0.2036180.1768980.1727610.1709660.1698900.1691310.1685400.1680490.1676210.1672260.1667810.1662140.1652710.1636270.1615570.1594490.1575770.1559520.1521440.1483880.1448590.1420520.1391120.1326600.1288270.1261360.1240170.1222110.1205200.1186940.1164270.1137320.1111880.1089550.1064160.1013300.096152