
Arquitectura: _2_12_1_
Semilla: 1764791926
Segundos: 118
NIteraciones: 340000

Costo_train: 0.099944
Precision_train: 0.850602
Recall_train: 0.883605
F1_train: 0.866789

Costo_test: 0.100637
Precision_test: 0.824885
Recall_test: 0.890547
F1_test: 0.856459
 
Paso: 0.200000
Gamma: 0.000000
Parada: 0.100000
Iteraciones: 1000000
CapasDesde: 2
CapasHasta: 5
Repeticiones: 5
Intervalo: 10000
MultiplicadorProfunda: 0.700000
Tarjeta: NVIDIA GeForce RTX 3090 Ti

Costos:
0.1915470.1742300.1707490.1686600.1670430.1658930.1646740.1606270.1517830.1434230.1354020.1273920.1203690.1155020.1125050.1105590.1091670.1080900.1072030.1064150.1055930.1046790.1038350.1031450.1026030.1021650.1017950.1014680.1011700.1008940.1006370.1003930.1001620.099944