
Arquitectura: _2_12_1_
Semilla: 1764789677
Segundos: 99
NIteraciones: 290000

Costo_train: 0.099622
Precision_train: 0.850673
Recall_train: 0.869837
F1_train: 0.860148

Costo_test: 0.106132
Precision_test: 0.836538
Recall_test: 0.865672
F1_test: 0.850856
 
Paso: 0.200000
Gamma: 0.000000
Parada: 0.100000
Iteraciones: 1000000
CapasDesde: 2
CapasHasta: 5
Repeticiones: 5
Intervalo: 10000
MultiplicadorProfunda: 0.700000
Tarjeta: NVIDIA GeForce RTX 3090 Ti

Costos:
0.2208200.1798850.1705270.1665700.1620540.1574500.1532180.1492540.1446550.1381160.1314890.1254550.1209010.1177790.1156970.1142600.1132160.1124210.1117860.1112540.1107710.1102360.1093530.1078820.1061620.1043530.1025610.1009430.099622