
Arquitectura: _2_3_3_1_
Semilla: 1764754941
Segundos: 984
NIteraciones: 1000000

Costo_train: 0.171436
Precision_train: 0.807425
Recall_train: 0.435544
F1_train: 0.565854

Costo_test: 0.187297
Precision_test: 0.711864
Recall_test: 0.417910
F1_test: 0.526646
 
Paso: 0.200000
Gamma: 0.000000
Parada: 0.100000
Iteraciones: 1000000
CapasDesde: 2
CapasHasta: 5
Repeticiones: 5
Intervalo: 10000
MultiplicadorProfunda: 0.700000
Tarjeta: NVIDIA GeForce RTX 3090 Ti

Costos:
0.2462420.2361990.2163600.2018740.1970150.1940180.1897360.1809880.1774330.1760210.1752700.1748030.1744820.1742490.1740720.1739330.1738210.1737280.1736490.1735800.1735190.1734630.1734120.1733630.1733170.1732740.1732340.1731940.1731570.1731200.1730840.1730490.1730150.1729830.1729520.1729210.1728910.1728610.1728310.1728020.1727730.1727440.1727160.1726880.1726610.1726340.1726070.1725810.1725540.1725280.1725020.1724760.1724500.1724240.1723980.1723730.1723480.1723230.1722980.1722730.1722490.1722250.1722010.1721780.1721550.1721320.1721100.1720860.1720640.1720420.1720200.1719980.1719760.1719550.1719330.1719120.1718900.1718690.1718480.1718280.1718070.1717860.1717660.1717460.1717260.1717050.1716850.1716650.1716460.1716260.1716070.1715880.1715690.1715490.1715300.1715110.1714920.1714740.171455