
Arquitectura: _2_3_3_3_1_
Semilla: 1764786406
Segundos: 786
NIteraciones: 1000000

Costo_train: 0.172515
Precision_train: 0.648276
Recall_train: 0.588235
F1_train: 0.616798

Costo_test: 0.186157
Precision_test: 0.575130
Recall_test: 0.552239
F1_test: 0.563452
 
Paso: 0.200000
Gamma: 0.000000
Parada: 0.100000
Iteraciones: 1000000
CapasDesde: 2
CapasHasta: 5
Repeticiones: 5
Intervalo: 10000
MultiplicadorProfunda: 0.700000
Tarjeta: NVIDIA GeForce RTX 3090 Ti

Costos:
0.2499490.2499240.2498840.2498200.2497040.2494640.2488610.2467280.2318220.2047710.1968690.1932590.1908460.1890470.1875450.1857240.1807900.1773490.1768130.1765450.1763310.1761370.1759540.1757790.1756120.1754560.1753080.1751710.1750440.1749270.1748200.1747210.1746280.1745420.1744620.1743870.1743170.1742510.1741890.1741300.1740740.1740200.1739700.1739220.1738770.1738340.1737920.1737520.1737120.1736750.1736400.1736070.1735740.1735420.1735110.1734820.1734520.1734250.1733970.1733710.1733460.1733220.1732980.1732740.1732520.1732290.1732070.1731860.1731660.1731460.1731260.1731070.1730880.1730700.1730520.1730340.1730170.1729990.1729830.1729660.1729490.1729330.1729160.1728990.1728830.1728660.1728490.1728320.1728140.1727950.1727760.1727560.1727340.1727110.1726860.1726590.1726290.1725960.172558