
Arquitectura: _2_3_3_1_
Semilla: 1764756521
Segundos: 19383
NIteraciones: 1000000

Costo_train: 0.173220
Precision_train: 0.659091
Recall_train: 0.580726
F1_train: 0.617432

Costo_test: 0.186199
Precision_test: 0.585106
Recall_test: 0.547264
F1_test: 0.565553
 
Paso: 0.200000
Gamma: 0.000000
Parada: 0.100000
Iteraciones: 1000000
CapasDesde: 2
CapasHasta: 5
Repeticiones: 5
Intervalo: 10000
MultiplicadorProfunda: 0.700000
Tarjeta: NVIDIA GeForce RTX 3090 Ti

Costos:
0.2484610.2323720.2044810.1966080.1933670.1911550.1893310.1874720.1836970.1793870.1782720.1777250.1773570.1770680.1768230.1766050.1764080.1762290.1760670.1759190.1757840.1756610.1755480.1754440.1753490.1752610.1751780.1751020.1750300.1749630.1748990.1748400.1747840.1747300.1746790.1746310.1745850.1745410.1744990.1744590.1744210.1743840.1743480.1743140.1742800.1742480.1742170.1741880.1741590.1741310.1741050.1740780.1740520.1740270.1740020.1739780.1739550.1739330.1739110.1738900.1738690.1738500.1738300.1738120.1737930.1737750.1737570.1737380.1737200.1737030.1736860.1736690.1736530.1736370.1736200.1736050.1735890.1735740.1735580.1735430.1735290.1735130.1734990.1734840.1734690.1734540.1734390.1734240.1734090.1733940.1733780.1733620.1733460.1733300.1733130.1732960.1732780.1732590.173240