
Arquitectura: _2_3_3_3_1_
Semilla: 1764787535
Segundos: 787
NIteraciones: 1000000

Costo_train: 0.162448
Precision_train: 0.815878
Recall_train: 0.604506
F1_train: 0.694464

Costo_test: 0.168672
Precision_test: 0.777070
Recall_test: 0.606965
F1_test: 0.681564
 
Paso: 0.200000
Gamma: 0.000000
Parada: 0.100000
Iteraciones: 1000000
CapasDesde: 2
CapasHasta: 5
Repeticiones: 5
Intervalo: 10000
MultiplicadorProfunda: 0.700000
Tarjeta: NVIDIA GeForce RTX 3090 Ti

Costos:
0.2499930.2499910.2499900.2499880.2499860.2499840.2499810.2499780.2499730.2499680.2499610.2499510.2499380.2499180.2498880.2498400.2497570.2495930.2492250.2481920.2444120.2328290.2221580.2172520.2148350.2132710.2119090.2084300.1971390.1946320.1930800.1920040.1913260.1908770.1905300.1902110.1898560.1892510.1877060.1866360.1859670.1854120.1848210.1837730.1810200.1791070.1784470.1779760.1775830.1772430.1769370.1766520.1763760.1761000.1758140.1755100.1751750.1747920.1743380.1737860.1731290.1724660.1719330.1715230.1711560.1707600.1703090.1698040.1692600.1686960.1681350.1675960.1670910.1666260.1662030.1658220.1654800.1651750.1649020.1646570.1644390.1642440.1640680.1639080.1637620.1636290.1635050.1633910.1632860.1631880.1630970.1630100.1629300.1628530.1627790.1627080.1626390.1625730.162509