
Arquitectura: _2_3_3_1_
Semilla: 1764779696
Segundos: 995
NIteraciones: 1000000

Costo_train: 0.180958
Precision_train: 0.733114
Recall_train: 0.556946
F1_train: 0.633001

Costo_test: 0.191091
Precision_test: 0.723270
Recall_test: 0.572139
F1_test: 0.638889
 
Paso: 0.200000
Gamma: 0.000000
Parada: 0.100000
Iteraciones: 1000000
CapasDesde: 2
CapasHasta: 5
Repeticiones: 5
Intervalo: 10000
MultiplicadorProfunda: 0.700000
Tarjeta: NVIDIA GeForce RTX 3090 Ti

Costos:
0.2493360.2438310.2187720.1954520.1921350.1907140.1897730.1889820.1882010.1873600.1864880.1857400.1851950.1847990.1844920.1842420.1840320.1838500.1836920.1835520.1834250.1833120.1832070.1831120.1830240.1829430.1828660.1827950.1827280.1826640.1826050.1825490.1824950.1824430.1823940.1823470.1823020.1822590.1822170.1821770.1821380.1821020.1820660.1820310.1819970.1819640.1819330.1819020.1818730.1818440.1818160.1817890.1817620.1817360.1817100.1816850.1816610.1816370.1816140.1815920.1815700.1815480.1815270.1815060.1814860.1814660.1814460.1814270.1814080.1813890.1813720.1813540.1813370.1813200.1813040.1812870.1812710.1812550.1812390.1812240.1812080.1811930.1811770.1811620.1811480.1811330.1811190.1811050.1810910.1810780.1810640.1810520.1810400.1810280.1810160.1810040.1809920.1809810.180969