
Arquitectura: _2_3_3_3_1_
Semilla: 1764783275
Segundos: 1196
NIteraciones: 1000000

Costo_train: 0.179117
Precision_train: 0.688750
Recall_train: 0.689612
F1_train: 0.689181

Costo_test: 0.195778
Precision_test: 0.660465
Recall_test: 0.706468
F1_test: 0.682692
 
Paso: 0.200000
Gamma: 0.000000
Parada: 0.100000
Iteraciones: 1000000
CapasDesde: 2
CapasHasta: 5
Repeticiones: 5
Intervalo: 10000
MultiplicadorProfunda: 0.700000
Tarjeta: NVIDIA GeForce RTX 3090 Ti

Costos:
0.2500460.2500060.2499780.2499470.2499030.2498330.2497000.2493910.2484310.2438490.2217580.1966230.1921510.1904130.1894290.1887690.1882800.1878980.1875860.1873250.1871000.1869040.1867310.1865760.1864340.1863050.1861850.1860720.1859660.1858650.1857670.1856710.1855730.1854710.1853580.1852240.1850470.1847820.1843360.1835940.1827050.1820990.1817720.1815670.1814180.1812970.1811940.1811030.1810190.1809430.1808720.1808050.1807410.1806810.1806240.1805690.1805150.1804650.1804160.1803700.1803250.1802820.1802400.1802000.1801600.1801220.1800840.1800470.1800110.1799760.1799420.1799080.1798760.1798450.1798140.1797840.1797540.1797250.1796960.1796680.1796400.1796120.1795840.1795570.1795290.1795020.1794750.1794480.1794210.1793930.1793660.1793390.1793110.1792840.1792560.1792280.1792000.1791730.179145