
Arquitectura: _2_3_3_3_3_1_
Semilla: 1764793241
Segundos: 1015
NIteraciones: 1000000

Costo_train: 0.177797
Precision_train: 0.736765
Recall_train: 0.627034
F1_train: 0.677485

Costo_test: 0.183213
Precision_test: 0.716867
Recall_test: 0.592040
F1_test: 0.648501
 
Paso: 0.200000
Gamma: 0.000000
Parada: 0.100000
Iteraciones: 1000000
CapasDesde: 2
CapasHasta: 5
Repeticiones: 5
Intervalo: 10000
MultiplicadorProfunda: 0.700000
Tarjeta: NVIDIA GeForce RTX 3090 Ti

Costos:
0.2500110.2500090.2500090.2500080.2500070.2500060.2500050.2500050.2500040.2500030.2500030.2500020.2500010.2500010.2500000.2500000.2499990.2499980.2499980.2499970.2499970.2499960.2499960.2499950.2499940.2499940.2499930.2499920.2499910.2499900.2499890.2499880.2499870.2499860.2499840.2499820.2499810.2499790.2499770.2499740.2499710.2499680.2499640.2499600.2499550.2499480.2499410.2499320.2499210.2499080.2498900.2498670.2498370.2497940.2497340.2496440.2495040.2492700.2488480.2480010.2460390.2401170.2254370.2189260.2121420.1997500.1938170.1903490.1880750.1862310.1847770.1836730.1828190.1821550.1816240.1811900.1808270.1805180.1802500.1800150.1798050.1796170.1794470.1792910.1791480.1790170.1788940.1787800.1786720.1785710.1784760.1783860.1783000.1782180.1781410.1780670.1779960.1779270.177861