
Arquitectura: _2_3_3_3_1_
Semilla: 1764781293
Segundos: 1383
NIteraciones: 1000000

Costo_train: 0.175040
Precision_train: 0.724187
Recall_train: 0.640801
F1_train: 0.679947

Costo_test: 0.177797
Precision_test: 0.739645
Recall_test: 0.621891
F1_test: 0.675676
 
Paso: 0.200000
Gamma: 0.000000
Parada: 0.100000
Iteraciones: 1000000
CapasDesde: 2
CapasHasta: 5
Repeticiones: 5
Intervalo: 10000
MultiplicadorProfunda: 0.700000
Tarjeta: NVIDIA GeForce RTX 3090 Ti

Costos:
0.2498700.2496160.2491450.2482090.2462950.2404910.2238590.2079260.1949800.1906250.1876460.1856750.1843170.1833160.1825370.1819090.1813890.1809500.1805710.1802400.1799470.1796860.1794510.1792360.1790410.1788610.1786960.1785420.1783990.1782650.1781410.1780230.1779110.1778070.1777080.1776130.1775250.1774410.1773600.1772820.1772080.1771370.1770700.1770040.1769410.1768810.1768230.1767670.1767120.1766590.1766070.1765560.1765070.1764590.1764140.1763700.1763270.1762840.1762430.1762010.1761600.1761200.1760800.1760420.1760050.1759680.1759320.1764790.1762830.1762490.1762150.1761830.1761520.1761140.1760790.1760410.1759990.1759610.1759220.1758800.1758360.1757960.1757540.1757100.1756620.1756190.1755740.1755300.1754860.1754440.1754010.1753590.1753170.1752750.1752330.1751930.1751550.1751170.175083