
Arquitectura: _2_3_3_3_3_1_
Semilla: 1764789776
Segundos: 1012
NIteraciones: 1000000

Costo_train: 0.170415
Precision_train: 0.822816
Recall_train: 0.424280
F1_train: 0.559868

Costo_test: 0.178752
Precision_test: 0.732143
Recall_test: 0.407960
F1_test: 0.523962
 
Paso: 0.200000
Gamma: 0.000000
Parada: 0.100000
Iteraciones: 1000000
CapasDesde: 2
CapasHasta: 5
Repeticiones: 5
Intervalo: 10000
MultiplicadorProfunda: 0.700000
Tarjeta: NVIDIA GeForce RTX 3090 Ti

Costos:
0.2500020.2500020.2500010.2500010.2500000.2500000.2500000.2499990.2499990.2499990.2499990.2499990.2499980.2499970.2499970.2499970.2499970.2499970.2499960.2499960.2499960.2499950.2499950.2499940.2499940.2499930.2499930.2499920.2499920.2499910.2499900.2499900.2499890.2499880.2499870.2499860.2499850.2499840.2499830.2499810.2499790.2499770.2499760.2499730.2499700.2499670.2499640.2499600.2499540.2499480.2499420.2499330.2499230.2499100.2498940.2498730.2498460.2498100.2497600.2496900.2495850.2494210.2491510.2486690.2477350.2457950.2417550.2328680.2122110.1966740.1872520.1841390.1824530.1772890.1752010.1742160.1736030.1731670.1728290.1725550.1723230.1721220.1719470.1717910.1716530.1715280.1714140.1713110.1712140.1711240.1710390.1709590.1708830.1708110.1707400.1706730.1706070.1705420.170478