
Arquitectura: _2_3_3_1_
Semilla: 1764778116
Segundos: 979
NIteraciones: 1000000

Costo_train: 0.171514
Precision_train: 0.807425
Recall_train: 0.435544
F1_train: 0.565854

Costo_test: 0.187307
Precision_test: 0.711864
Recall_test: 0.417910
F1_test: 0.526646
 
Paso: 0.200000
Gamma: 0.000000
Parada: 0.100000
Iteraciones: 1000000
CapasDesde: 2
CapasHasta: 5
Repeticiones: 5
Intervalo: 10000
MultiplicadorProfunda: 0.700000
Tarjeta: NVIDIA GeForce RTX 3090 Ti

Costos:
0.2488810.2350420.2053470.2002990.1994150.1989490.1985720.1981890.1977670.1973010.1967250.1956980.1927750.1881400.1808750.1772670.1759180.1752070.1747630.1744570.1742330.1740630.1739280.1738180.1737260.1736470.1735770.1735130.1734560.1734020.1733510.1733040.1732580.1732150.1731730.1731330.1730940.1730560.1730200.1729850.1729510.1729180.1728850.1728530.1728220.1727920.1727620.1727320.1727030.1726740.1726450.1726160.1725880.1725600.1725330.1725050.1724780.1724520.1724250.1723980.1723720.1723460.1723200.1722940.1722690.1722440.1722200.1721950.1721710.1721470.1721230.1720990.1720740.1720500.1720270.1720030.1719800.1719570.1719340.1719130.1718910.1718700.1718490.1718280.1718070.1717870.1717670.1717470.1717260.1717060.1716870.1716670.1716470.1716280.1716090.1715890.1715700.1715510.171532