
Arquitectura: _2_3_3_3_3_1_
Semilla: 1764790915
Segundos: 1011
NIteraciones: 1000000

Costo_train: 0.202926
Precision_train: 0.930380
Recall_train: 0.367960
F1_train: 0.527354

Costo_test: 0.215566
Precision_test: 0.862500
Recall_test: 0.343284
F1_test: 0.491103
 
Paso: 0.200000
Gamma: 0.000000
Parada: 0.100000
Iteraciones: 1000000
CapasDesde: 2
CapasHasta: 5
Repeticiones: 5
Intervalo: 10000
MultiplicadorProfunda: 0.700000
Tarjeta: NVIDIA GeForce RTX 3090 Ti

Costos:
0.2499950.2499940.2499940.2499920.2499920.2499910.2499900.2499890.2499880.2499860.2499850.2499840.2499820.2499810.2499790.2499770.2499750.2499720.2499700.2499670.2499630.2499590.2499550.2499500.2499440.2499370.2499290.2499200.2499080.2498940.2498770.2498550.2498280.2497930.2497470.2496850.2495990.2494800.2493080.2490610.2487060.2482250.2476340.2470040.2463960.2458080.2451630.2442150.2420830.2348620.2222690.2190740.2175290.2145540.2117180.2096110.2081590.2072150.2065870.2061500.2058350.2056030.2054260.2052870.2051760.2050830.2050040.2049340.2048710.2048130.2047590.2047060.2046540.2046040.2045540.2045030.2044510.2044000.2043470.2042930.2042380.2041810.2041240.2040650.2040040.2039410.2038760.2038090.2037400.2036690.2035960.2035220.2034460.2033690.2032920.2032160.2031410.2030670.202996