
Arquitectura: _2_3_3_3_1_
Semilla: 1764784992
Segundos: 1071
NIteraciones: 1000000

Costo_train: 0.182937
Precision_train: 0.731638
Recall_train: 0.648310
F1_train: 0.687459

Costo_test: 0.202900
Precision_test: 0.659686
Recall_test: 0.626866
F1_test: 0.642857
 
Paso: 0.200000
Gamma: 0.000000
Parada: 0.100000
Iteraciones: 1000000
CapasDesde: 2
CapasHasta: 5
Repeticiones: 5
Intervalo: 10000
MultiplicadorProfunda: 0.700000
Tarjeta: NVIDIA GeForce RTX 3090 Ti

Costos:
0.2499970.2499950.2499940.2499930.2499920.2499910.2499900.2499900.2499890.2499880.2499870.2499860.2499860.2499840.2499830.2499820.2499810.2499800.2499780.2499760.2499740.2499710.2499680.2499640.2499580.2499500.2499400.2499250.2499030.2498680.2498120.2497160.2495430.2492050.2484300.2465840.2429440.2368780.2156860.2008180.1968950.1909560.1886330.1874770.1867750.1862910.1859270.1856350.1853920.1851830.1850020.1848430.1847010.1845750.1844620.1843600.1842670.1841820.1841040.1840330.1839670.1839060.1838490.1837960.1837460.1837000.1836560.1836150.1835760.1835390.1835050.1834720.1834410.1834110.1833820.1833550.1833300.1833050.1832810.1832570.1832350.1832140.1831930.1831740.1831560.1831380.1831210.1831040.1830870.1830710.1830550.1830400.1830250.1830110.1829980.1829860.1829730.1829610.182949