
Arquitectura: _2_3_3_3_3_1_
Semilla: 1764788665
Segundos: 1012
NIteraciones: 1000000

Costo_train: 0.249651
Precision_train: 0.545244
Recall_train: 0.588235
F1_train: 0.565924

Costo_test: 0.250226
Precision_test: 0.504587
Recall_test: 0.547264
F1_test: 0.525060
 
Paso: 0.200000
Gamma: 0.000000
Parada: 0.100000
Iteraciones: 1000000
CapasDesde: 2
CapasHasta: 5
Repeticiones: 5
Intervalo: 10000
MultiplicadorProfunda: 0.700000
Tarjeta: NVIDIA GeForce RTX 3090 Ti

Costos:
0.2499990.2499990.2499990.2499990.2499990.2499980.2499980.2499990.2499980.2499980.2499980.2499980.2499980.2499970.2499980.2499980.2499970.2499970.2499980.2499970.2499970.2499970.2499970.2499970.2499960.2499970.2499970.2499970.2499960.2499960.2499970.2499960.2499950.2499960.2499960.2499950.2499960.2499960.2499950.2499950.2499950.2499950.2499950.2499950.2499940.2499940.2499940.2499940.2499940.2499940.2499940.2499930.2499930.2499930.2499930.2499920.2499920.2499910.2499910.2499910.2499910.2499910.2499900.2499900.2499890.2499890.2499880.2499880.2499870.2499860.2499860.2499850.2499850.2499830.2499830.2499820.2499810.2499790.2499780.2499760.2499750.2499720.2499700.2499680.2499650.2499620.2499580.2499540.2499480.2499420.2499350.2499260.2499150.2499010.2498840.2498610.2498320.2497910.249734