
Arquitectura: _2_3_3_1_
Semilla: 1764776516
Segundos: 1001
NIteraciones: 1000000

Costo_train: 0.180778
Precision_train: 0.693402
Recall_train: 0.670839
F1_train: 0.681934

Costo_test: 0.197662
Precision_test: 0.638095
Recall_test: 0.666667
F1_test: 0.652068
 
Paso: 0.200000
Gamma: 0.000000
Parada: 0.100000
Iteraciones: 1000000
CapasDesde: 2
CapasHasta: 5
Repeticiones: 5
Intervalo: 10000
MultiplicadorProfunda: 0.700000
Tarjeta: NVIDIA GeForce RTX 3090 Ti

Costos:
0.2494600.2448430.2284400.2027920.1944560.1923250.1912560.1905580.1900330.1896020.1892220.1888650.1885050.1881090.1876400.1870540.1863190.1854740.1847810.1843610.1840800.1838650.1836890.1835380.1834060.1832880.1831810.1830820.1829920.1829070.1828280.1827540.1826840.1826180.1825550.1824950.1824370.1823830.1823310.1822800.1822320.1821850.1821400.1820970.1820550.1820140.1819750.1819370.1818990.1818630.1818290.1817950.1817620.1817300.1816990.1816680.1816380.1816100.1815810.1815530.1815250.1814990.1814730.1814480.1814240.1814000.1813760.1813520.1813290.1813060.1812840.1812630.1812410.1812210.1812000.1811800.1811610.1811410.1811220.1811030.1810850.1810670.1810490.1810310.1810140.1809960.1809790.1809630.1809460.1809300.1809140.1808980.1808820.1808670.1808520.1808360.1808210.1808060.180792