
Arquitectura: _2_3_3_3_3_1_
Semilla: 1764792044
Segundos: 1011
NIteraciones: 1000000

Costo_train: 0.172900
Precision_train: 0.672965
Recall_train: 0.579474
F1_train: 0.622730

Costo_test: 0.185092
Precision_test: 0.588235
Recall_test: 0.547264
F1_test: 0.567010
 
Paso: 0.200000
Gamma: 0.000000
Parada: 0.100000
Iteraciones: 1000000
CapasDesde: 2
CapasHasta: 5
Repeticiones: 5
Intervalo: 10000
MultiplicadorProfunda: 0.700000
Tarjeta: NVIDIA GeForce RTX 3090 Ti

Costos:
0.2500000.2499980.2499970.2499950.2499930.2499910.2499900.2499880.2499860.2499840.2499810.2499790.2499760.2499730.2499690.2499650.2499600.2499540.2499470.2499380.2499280.2499150.2498990.2498770.2498470.2498050.2497440.2496470.2494810.2491590.2484010.2459300.2342540.2212230.2188990.2182870.2180370.2178960.2177970.2177170.2176470.2175830.2175220.2174650.2174090.2173540.2172950.2172300.2171450.2170050.2166960.2158120.2117100.2052760.2002200.1967100.1938590.1914720.1893560.1875000.1859010.1837650.1786200.1768650.1765510.1763440.1761660.1760050.1758550.1757130.1755780.1754480.1753210.1751950.1750730.1749530.1748340.1747180.1746030.1744910.1743800.1742720.1741670.1740650.1739670.1738720.1737820.1736950.1736130.1735350.1734600.1733880.1733190.1732520.1731890.1731280.1730680.1730100.172955