
Arquitectura: _2_6_1_
Semilla: 1764755925
Segundos: 596
NIteraciones: 1000000

Costo_train: 0.163188
Precision_train: 0.889460
Recall_train: 0.433041
F1_train: 0.582492

Costo_test: 0.174623
Precision_test: 0.873684
Recall_test: 0.412935
F1_test: 0.560811
 
Paso: 0.200000
Gamma: 0.000000
Parada: 0.100000
Iteraciones: 1000000
CapasDesde: 2
CapasHasta: 5
Repeticiones: 5
Intervalo: 10000
MultiplicadorProfunda: 0.700000
Tarjeta: NVIDIA GeForce RTX 3090 Ti

Costos:
0.2232160.2040730.1791090.1725570.1706350.1696370.1689960.1685370.1681860.1679030.1676670.1674660.1672900.1671330.1669900.1668590.1667360.1666200.1665080.1664010.1662960.1661950.1660950.1659980.1659020.1658080.1657160.1656240.1655360.1654470.1653600.1652750.1651900.1651090.1650300.1649530.1648800.1648090.1647410.1646750.1646130.1645540.1644970.1644440.1643920.1643440.1642980.1642530.1642100.1641690.1641310.1640950.1640590.1640250.1639930.1639610.1639310.1639020.1638730.1638460.1638200.1637950.1637700.1637470.1637240.1637010.1636790.1636580.1636370.1636180.1635990.1635800.1635620.1635440.1635260.1635080.1634910.1634740.1634580.1634430.1634270.1634130.1633980.1633830.1633690.1633560.1633420.1633290.1633150.1633020.1632900.1632770.1632650.1632540.1632430.1632310.1632200.1632090.163198