
Arquitectura: _2_6_1_
Semilla: 1764779095
Segundos: 601
NIteraciones: 1000000

Costo_train: 0.163835
Precision_train: 0.835381
Recall_train: 0.425532
F1_train: 0.563847

Costo_test: 0.174327
Precision_test: 0.761468
Recall_test: 0.412935
F1_test: 0.535484
 
Paso: 0.200000
Gamma: 0.000000
Parada: 0.100000
Iteraciones: 1000000
CapasDesde: 2
CapasHasta: 5
Repeticiones: 5
Intervalo: 10000
MultiplicadorProfunda: 0.700000
Tarjeta: NVIDIA GeForce RTX 3090 Ti

Costos:
0.2177310.1794040.1732070.1711980.1701300.1694420.1689520.1685760.1682760.1680280.1678170.1676330.1674720.1673280.1671970.1670780.1669690.1668680.1667730.1666840.1666000.1665210.1664440.1663710.1663010.1662340.1661680.1661040.1660410.1659800.1659210.1658630.1658050.1657480.1656930.1656380.1655860.1655340.1654830.1654320.1653820.1653340.1652880.1652430.1651980.1651540.1651100.1650690.1650280.1649890.1649510.1649120.1648760.1648390.1648050.1647710.1647380.1647060.1646750.1646440.1646140.1645840.1645550.1645270.1645000.1644740.1644480.1644220.1643980.1643730.1643490.1643250.1643020.1642790.1642580.1642360.1642160.1641960.1641760.1641570.1641380.1641190.1641000.1640820.1640640.1640460.1640300.1640140.1639980.1639820.1639670.1639520.1639370.1639220.1639070.1638920.1638770.1638630.163849