
Arquitectura: _2_6_1_
Semilla: 1764775904
Segundos: 612
NIteraciones: 1000000

Costo_train: 0.164313
Precision_train: 0.840964
Recall_train: 0.436796
F1_train: 0.574959

Costo_test: 0.176543
Precision_test: 0.772727
Recall_test: 0.422886
F1_test: 0.546624
 
Paso: 0.200000
Gamma: 0.000000
Parada: 0.100000
Iteraciones: 1000000
CapasDesde: 2
CapasHasta: 5
Repeticiones: 5
Intervalo: 10000
MultiplicadorProfunda: 0.700000
Tarjeta: NVIDIA GeForce RTX 3090 Ti

Costos:
0.2132970.1791510.1730690.1710790.1700310.1693640.1688910.1685310.1682450.1680100.1678110.1676400.1674900.1673570.1672380.1671300.1670320.1669410.1668570.1667790.1667070.1666390.1665740.1665140.1664570.1664010.1663510.1663010.1662540.1662080.1661660.1661240.1660840.1660450.1660070.1659710.1659370.1659030.1658700.1658380.1658070.1657750.1657470.1657180.1656890.1656610.1656350.1656070.1655810.1655550.1655290.1655030.1654780.1654520.1654270.1654020.1653780.1653520.1653270.1653030.1652780.1652540.1652290.1652040.1651790.1651540.1651290.1651030.1650770.1650510.1650250.1649990.1649730.1649460.1649200.1648940.1648690.1648440.1648180.1647930.1647670.1647420.1647160.1646910.1646660.1646410.1646160.1645910.1645660.1645420.1645170.1644930.1644690.1644460.1644220.1643990.1643760.1643550.164334