
Arquitectura: _2_6_1_
Semilla: 1764777517
Segundos: 599
NIteraciones: 1000000

Costo_train: 0.126446
Precision_train: 0.808187
Recall_train: 0.864831
F1_train: 0.835550

Costo_test: 0.118744
Precision_test: 0.809302
Recall_test: 0.865672
F1_test: 0.836538
 
Paso: 0.200000
Gamma: 0.000000
Parada: 0.100000
Iteraciones: 1000000
CapasDesde: 2
CapasHasta: 5
Repeticiones: 5
Intervalo: 10000
MultiplicadorProfunda: 0.700000
Tarjeta: NVIDIA GeForce RTX 3090 Ti

Costos:
0.2453550.1862970.1770850.1723680.1702870.1690940.1682730.1676230.1667730.1653910.1636900.1622580.1611620.1602850.1595510.1589210.1583680.1578730.1574180.1569910.1565750.1561560.1557060.1551710.1544000.1529400.1503510.1460660.1408850.1389800.1374300.1360880.1349110.1338660.1329330.1321620.1320050.1316040.1312230.1308750.1305590.1302700.1300120.1297720.1295550.1293540.1291640.1289940.1288290.1286780.1285360.1284020.1282790.1281600.1280500.1279440.1278410.1277440.1276530.1275670.1274780.1273980.1273220.1272450.1271750.1271050.1270390.1269760.1269140.1268540.1267940.1267380.1266870.1266340.1265750.1265280.1264830.1264340.1263870.1263410.1262980.1262580.1262140.1261740.1261330.1260950.1260560.1260200.1259810.1259480.1259130.1258800.1258420.1258050.1257710.1257400.1257080.1256870.125654