
Arquitectura: _2_6_1_
Semilla: 1764754570
Segundos: 371
NIteraciones: 1000000

Costo_train: 0.162259
Precision_train: 0.877863
Recall_train: 0.431790
F1_train: 0.578859

Costo_test: 0.171063
Precision_test: 0.821782
Recall_test: 0.412935
F1_test: 0.549669
 
Paso: 0.200000
Gamma: 0.000000
Parada: 0.100000
Iteraciones: 1000000
CapasDesde: 2
CapasHasta: 5
Repeticiones: 5
Intervalo: 10000
MultiplicadorProfunda: 0.700000
Tarjeta: NVIDIA GeForce RTX 3090 Ti

Costos:
0.1851310.1740580.1713230.1700010.1691950.1686400.1682280.1679050.1676410.1674190.1672250.1670540.1668970.1667510.1666120.1664790.1663500.1662260.1661060.1659920.1658820.1657770.1656750.1655760.1654800.1653860.1652950.1652060.1651190.1650340.1649490.1648670.1647880.1647100.1646330.1645570.1644820.1644080.1643360.1642660.1641960.1641280.1640610.1639960.1639300.1638670.1638030.1637440.1636860.1636290.1635750.1635220.1634730.1634260.1633800.1633360.1632940.1632540.1632160.1631780.1631420.1631070.1630740.1630420.1630090.1629780.1629480.1629180.1628890.1628630.1628370.1628120.1627860.1627620.1627380.1627140.1626910.1626680.1626460.1626240.1626030.1625810.1625600.1625390.1625200.1625010.1624820.1624630.1624450.1624260.1624090.1623910.1623730.1623560.1623400.1623230.1623070.1622910.162275