
Arquitectura: _2_9_1_
Semilla: 1764786063
Segundos: 343
NIteraciones: 1000000

Costo_train: 0.100501
Precision_train: 0.849754
Recall_train: 0.863579
F1_train: 0.856611

Costo_test: 0.101727
Precision_test: 0.834951
Recall_test: 0.855721
F1_test: 0.845209
 
Paso: 0.200000
Gamma: 0.000000
Parada: 0.100000
Iteraciones: 1000000
CapasDesde: 2
CapasHasta: 5
Repeticiones: 5
Intervalo: 10000
MultiplicadorProfunda: 0.700000
Tarjeta: NVIDIA GeForce RTX 3090 Ti

Costos:
0.1898180.1752870.1720690.1704630.1694070.1686130.1679450.1672500.1661900.1640610.1600330.1551090.1515900.1490080.1468070.1447510.1427570.1407950.1387870.1361990.1309560.1278640.1256660.1238720.1223650.1210340.1197800.1186030.1175730.1166420.1157250.1138610.1084490.1067990.1059520.1053440.1048480.1044280.1040600.1037300.1034340.1031620.1029130.1026830.1024700.1022720.1020820.1022320.1022010.1021630.1021220.1020780.1020390.1019940.1019540.1019110.1018730.1018330.1017970.1017600.1017250.1016850.1016560.1016250.1015890.1015560.1015300.1014970.1014700.1014420.1014160.1013850.1013560.1013270.1013000.1012760.1012490.1012220.1012010.1011830.1011610.1011390.1011160.1010930.1010760.1010560.1010300.1010130.1009900.1009740.1009550.1009410.1009260.1009050.1008880.1008690.1008530.1008420.100819