
Arquitectura: _2_9_1_
Semilla: 1764784471
Segundos: 521
NIteraciones: 1000000

Costo_train: 0.100201
Precision_train: 0.851582
Recall_train: 0.876095
F1_train: 0.863664

Costo_test: 0.095865
Precision_test: 0.841121
Recall_test: 0.895522
F1_test: 0.867470
 
Paso: 0.200000
Gamma: 0.000000
Parada: 0.100000
Iteraciones: 1000000
CapasDesde: 2
CapasHasta: 5
Repeticiones: 5
Intervalo: 10000
MultiplicadorProfunda: 0.700000
Tarjeta: NVIDIA GeForce RTX 3090 Ti

Costos:
0.1854660.1739620.1712790.1699970.1691940.1685930.1680660.1675530.1669680.1658390.1626170.1562380.1492450.1438440.1405480.1384900.1370100.1357790.1346980.1338090.1330970.1325150.1320250.1315980.1312060.1308430.1305130.1302090.1299080.1295600.1289990.1269880.1245860.1239220.1233730.1227180.1207770.1195710.1193610.1192030.1190330.1188410.1186140.1183440.1180380.1177110.1173630.1169470.1158930.1104000.1091500.1083510.1077570.1072800.1068750.1065140.1061760.1058480.1055090.1051000.1039640.1027220.1023500.1021480.1020100.1019010.1018060.1017200.1016400.1015670.1014970.1014310.1013670.1013050.1012470.1011900.1011350.1010820.1010310.1009810.1009340.1008880.1008430.1007990.1007560.1007140.1006730.1006320.1005920.1005530.1005150.1004780.1004420.1004070.1003710.1003360.1003010.1002670.100234