
Arquitectura: _2_9_1_
Semilla: 1764782676
Segundos: 599
NIteraciones: 1000000

Costo_train: 0.159262
Precision_train: 0.702994
Recall_train: 0.734668
F1_train: 0.718482

Costo_test: 0.170966
Precision_test: 0.672986
Recall_test: 0.706468
F1_test: 0.689320
 
Paso: 0.200000
Gamma: 0.000000
Parada: 0.100000
Iteraciones: 1000000
CapasDesde: 2
CapasHasta: 5
Repeticiones: 5
Intervalo: 10000
MultiplicadorProfunda: 0.700000
Tarjeta: NVIDIA GeForce RTX 3090 Ti

Costos:
0.1890110.1743880.1714530.1700790.1691940.1684250.1675100.1664010.1654580.1648370.1644190.1641050.1638520.1636390.1634560.1632960.1631520.1630220.1629010.1627880.1626800.1625760.1624750.1623770.1622800.1621850.1620920.1620020.1619140.1618290.1617470.1616670.1615890.1615130.1614380.1613670.1612980.1612310.1611660.1611030.1610420.1609820.1609240.1608670.1608120.1607590.1607080.1606580.1606090.1605620.1605160.1604720.1604300.1603880.1603480.1603090.1602720.1602350.1601990.1601640.1601300.1600960.1600640.1600320.1600020.1599720.1599430.1599160.1598880.1598620.1598360.1598110.1597850.1597600.1597360.1597120.1596880.1596650.1596440.1596220.1596010.1595800.1595590.1595390.1595200.1595000.1594810.1594620.1594440.1594260.1594090.1593920.1593750.1593590.1593420.1593260.1593100.1592940.159277