
Arquitectura: _2_9_1_
Semilla: 1764780691
Segundos: 602
NIteraciones: 1000000

Costo_train: 0.113672
Precision_train: 0.765432
Recall_train: 0.853567
F1_train: 0.807101

Costo_test: 0.130031
Precision_test: 0.725000
Recall_test: 0.865672
F1_test: 0.789116
 
Paso: 0.200000
Gamma: 0.000000
Parada: 0.100000
Iteraciones: 1000000
CapasDesde: 2
CapasHasta: 5
Repeticiones: 5
Intervalo: 10000
MultiplicadorProfunda: 0.700000
Tarjeta: NVIDIA GeForce RTX 3090 Ti

Costos:
0.1862850.1740470.1711750.1694530.1678340.1665200.1656940.1651540.1647480.1644160.1641320.1638650.1635010.1623120.1580630.1527230.1491130.1468310.1452100.1439570.1429260.1420340.1412120.1403950.1393410.1294430.1255620.1235200.1220380.1209100.1200310.1193340.1187690.1183030.1179110.1175780.1172910.1170410.1168200.1166230.1164470.1162890.1161440.1160130.1158910.1157800.1156770.1155810.1154910.1154080.1153290.1152550.1151860.1151190.1150560.1149960.1149400.1148860.1148340.1147850.1147390.1146930.1146500.1146080.1145680.1145290.1144900.1144520.1144160.1143840.1143520.1143210.1142900.1142600.1142310.1142020.1141730.1141450.1141190.1140920.1140670.1140410.1140160.1139920.1139680.1139440.1139210.1139000.1138800.1138600.1138400.1138200.1138010.1137830.1137640.1137450.1137270.1137080.113690