
Arquitectura: _2_9_1_
Semilla: 1764787192
Segundos: 343
NIteraciones: 1000000

Costo_train: 0.107607
Precision_train: 0.832335
Recall_train: 0.869837
F1_train: 0.850673

Costo_test: 0.114282
Precision_test: 0.806452
Recall_test: 0.870647
F1_test: 0.837321
 
Paso: 0.200000
Gamma: 0.000000
Parada: 0.100000
Iteraciones: 1000000
CapasDesde: 2
CapasHasta: 5
Repeticiones: 5
Intervalo: 10000
MultiplicadorProfunda: 0.700000
Tarjeta: NVIDIA GeForce RTX 3090 Ti

Costos:
0.1883260.1736030.1701550.1686990.1678520.1672200.1663660.1636770.1588130.1546640.1507910.1441770.1378630.1336770.1308220.1287150.1270400.1256340.1244080.1233200.1223430.1214600.1206540.1199160.1192370.1186070.1180230.1174780.1169700.1164930.1160440.1156230.1152240.1148480.1144910.1141530.1138290.1135240.1132320.1129540.1126880.1124350.1121940.1119620.1117360.1115250.1113220.1111260.1109360.1107550.1105810.1104140.1102510.1100930.1099430.1097980.1096570.1095210.1093900.1092630.1091410.1091720.1091170.1090640.1090180.1089690.1089180.1088690.1088150.1087750.1087340.1086870.1086420.1085990.1085530.1085130.1084740.1084320.1083970.1083540.1083090.1082740.1082410.1082100.1081760.1081460.1081100.1080780.1080370.1079990.1079710.1079400.1079120.1078770.1078470.1078210.1077910.1077610.107732