
Arquitectura: _2_12_1_
Semilla: 1764752510
Segundos: 1
NIteraciones: 10000

Costo_train: 0.080970
Precision_train: 0.882279
Recall_train: 0.874529
F1_train: 0.878387

Costo_test: 0.077032
Precision_test: 0.879227
Recall_test: 0.896552
F1_test: 0.887805
 
Paso: 0.200000
Gamma: 0.000000
Parada: 0.100000
Iteraciones: 1000000
CapasDesde: 2
CapasHasta: 5
Repeticiones: 5
Intervalo: 10000
MultiplicadorProfunda: 0.700000
Tarjeta: NVIDIA GeForce RTX 3090 Ti

Costos:
0.080970