
Arquitectura: _2_12_1_
Semilla: 1764752538
Segundos: 1
NIteraciones: 10000

Costo_train: 0.080941
Precision_train: 0.881313
Recall_train: 0.875784
F1_train: 0.878540

Costo_test: 0.077122
Precision_test: 0.879227
Recall_test: 0.896552
F1_test: 0.887805
 
Paso: 0.200000
Gamma: 0.000000
Parada: 0.100000
Iteraciones: 1000000
CapasDesde: 2
CapasHasta: 5
Repeticiones: 5
Intervalo: 10000
MultiplicadorProfunda: 0.700000
Tarjeta: NVIDIA GeForce RTX 3090 Ti

Costos:
0.080941