
Arquitectura: _2_3_3_3_1_
Semilla: 1764692761
Segundos: 4
NIteraciones: 10000

Costo_train: 0.084780
Precision_train: 0.888318
Recall_train: 0.868256
F1_train: 0.878173

Costo_test: 0.080500
Precision_test: 0.887805
Recall_test: 0.896552
F1_test: 0.892157
 
Paso: 0.200000
Gamma: 0.000000
Parada: 0.100000
Iteraciones: 1000000
CapasDesde: 2
CapasHasta: 3
Repeticiones: 5
Intervalo: 10000
MultiplicadorProfunda: 0.700000
Tarjeta: NVIDIA GeForce GTX 950M

Costos:
0.084780