
Arquitectura: _2_3_3_3_3_3_1_
Semilla: 1764752615
Segundos: 167
NIteraciones: 540000

Costo_train: 0.086737
Precision_train: 0.891753
Recall_train: 0.868256
F1_train: 0.879847

Costo_test: 0.082211
Precision_test: 0.882353
Recall_test: 0.886699
F1_test: 0.884521
 
Paso: 0.200000
Gamma: 0.000000
Parada: 0.100000
Iteraciones: 1000000
CapasDesde: 2
CapasHasta: 5
Repeticiones: 5
Intervalo: 10000
MultiplicadorProfunda: 0.700000
Tarjeta: NVIDIA GeForce RTX 3090 Ti

Costos:
0.2500030.2500030.2500020.2500020.2500020.2500010.2500000.2500000.2499980.2499970.2499970.2499960.2499950.2499940.2499940.2499930.2499930.2499930.2499920.2499910.2499910.2499900.2499880.2499870.2499860.2499850.2499840.2499830.2499810.2499800.2499780.2499750.2499730.2499710.2499680.2499640.2499600.2499560.2499500.2499430.2499350.2499240.2499110.2498940.2498720.2498400.2497940.2497240.2496030.2493690.2487870.2463320.1679900.086737