
Arquitectura: _2_3_3_3_1_
Semilla: 1764692768
Segundos: 5
NIteraciones: 10000

Costo_train: 0.090109
Precision_train: 0.893368
Recall_train: 0.861982
F1_train: 0.877395

Costo_test: 0.085733
Precision_test: 0.900000
Recall_test: 0.886699
F1_test: 0.893300
 
Paso: 0.200000
Gamma: 0.000000
Parada: 0.100000
Iteraciones: 1000000
CapasDesde: 2
CapasHasta: 3
Repeticiones: 5
Intervalo: 10000
MultiplicadorProfunda: 0.700000
Tarjeta: NVIDIA GeForce GTX 950M

Costos:
0.090109