
Arquitectura: _2_3_3_1_
Semilla: 1764692708
Segundos: 4
NIteraciones: 10000

Costo_train: 0.083969
Precision_train: 0.889744
Recall_train: 0.870765
F1_train: 0.880152

Costo_test: 0.079668
Precision_test: 0.882927
Recall_test: 0.891626
F1_test: 0.887255
 
Paso: 0.200000
Gamma: 0.000000
Parada: 0.100000
Iteraciones: 1000000
CapasDesde: 2
CapasHasta: 3
Repeticiones: 5
Intervalo: 10000
MultiplicadorProfunda: 0.700000
Tarjeta: NVIDIA GeForce GTX 950M

Costos:
0.083969