
Arquitectura: _2_6_1_
Semilla: 1764692706
Segundos: 2
NIteraciones: 10000

Costo_train: 0.081492
Precision_train: 0.881980
Recall_train: 0.872020
F1_train: 0.876972

Costo_test: 0.077486
Precision_test: 0.878641
Recall_test: 0.891626
F1_test: 0.885086
 
Paso: 0.200000
Gamma: 0.000000
Parada: 0.100000
Iteraciones: 1000000
CapasDesde: 2
CapasHasta: 3
Repeticiones: 5
Intervalo: 10000
MultiplicadorProfunda: 0.700000
Tarjeta: NVIDIA GeForce GTX 950M

Costos:
0.081492