
Arquitectura: _2_6_1_
Semilla: 1764692729
Segundos: 2
NIteraciones: 10000

Costo_train: 0.081311
Precision_train: 0.879548
Recall_train: 0.879548
F1_train: 0.879548

Costo_test: 0.077547
Precision_test: 0.875598
Recall_test: 0.901478
F1_test: 0.888349
 
Paso: 0.200000
Gamma: 0.000000
Parada: 0.100000
Iteraciones: 1000000
CapasDesde: 2
CapasHasta: 3
Repeticiones: 5
Intervalo: 10000
MultiplicadorProfunda: 0.700000
Tarjeta: NVIDIA GeForce GTX 950M

Costos:
0.081311