
Arquitectura: _2_6_1_
Semilla: 1764692734
Segundos: 3
NIteraciones: 10000

Costo_train: 0.080846
Precision_train: 0.886768
Recall_train: 0.874529
F1_train: 0.880606

Costo_test: 0.076683
Precision_test: 0.879227
Recall_test: 0.896552
F1_test: 0.887805
 
Paso: 0.200000
Gamma: 0.000000
Parada: 0.100000
Iteraciones: 1000000
CapasDesde: 2
CapasHasta: 3
Repeticiones: 5
Intervalo: 10000
MultiplicadorProfunda: 0.700000
Tarjeta: NVIDIA GeForce GTX 950M

Costos:
0.080846