
Arquitectura: _2_9_1_
Semilla: 1764752477
Segundos: 1
NIteraciones: 10000

Costo_train: 0.081287
Precision_train: 0.882129
Recall_train: 0.873275
F1_train: 0.877680

Costo_test: 0.077320
Precision_test: 0.879227
Recall_test: 0.896552
F1_test: 0.887805
 
Paso: 0.200000
Gamma: 0.000000
Parada: 0.100000
Iteraciones: 1000000
CapasDesde: 2
CapasHasta: 5
Repeticiones: 5
Intervalo: 10000
MultiplicadorProfunda: 0.700000
Tarjeta: NVIDIA GeForce RTX 3090 Ti

Costos:
0.081287