
Arquitectura: _2_3_3_3_1_
Semilla: 1764751247
Segundos: 196
NIteraciones: 1000000

Costo_train: 0.142059
Precision_train: 0.719122
Recall_train: 0.986198
F1_train: 0.831746

Costo_test: 0.132088
Precision_test: 0.738182
Recall_test: 1.000000
F1_test: 0.849372
 
Paso: 0.200000
Gamma: 0.000000
Parada: 0.100000
Iteraciones: 1000000
CapasDesde: 2
CapasHasta: 3
Repeticiones: 5
Intervalo: 10000
MultiplicadorProfunda: 0.700000
Tarjeta: NVIDIA GeForce RTX 3090 Ti

Costos:
0.2499390.2498000.2495610.2489500.2465920.2354300.2187340.2041820.1756260.1586190.1541510.1517460.1499870.1482790.1470820.1461790.1454760.1450160.1446670.1443840.1441490.1439490.1437800.1436340.1435080.1433980.1433020.1432170.1431430.1430770.1430170.1429650.1429170.1428740.1428350.1428000.1427670.1427370.1427100.1426850.1426620.1426400.1426200.1426010.1425840.1425670.1425520.1425380.1425240.1425100.1424970.1424850.1424740.1424630.1424520.1424420.1424320.1424220.1424130.1424040.1423960.1423870.1423790.1423710.1423630.1423560.1423480.1423410.1423330.1423260.1423190.1423120.1423050.1422980.1422920.1422850.1422780.1422710.1422650.1422580.1422520.1422450.1422390.1422320.1422260.1422190.1422120.1422050.1421970.1421890.1421810.1421720.1421620.1421520.1421410.1421280.1421140.1420990.142081