
Arquitectura: _2_3_3_3_1_
Semilla: 1764751033
Segundos: 179
NIteraciones: 920000

Costo_train: 0.055378
Precision_train: 0.906033
Recall_train: 0.979925
F1_train: 0.941531

Costo_test: 0.061294
Precision_test: 0.893333
Recall_test: 0.990148
F1_test: 0.939252
 
Paso: 0.200000
Gamma: 0.000000
Parada: 0.100000
Iteraciones: 1000000
CapasDesde: 2
CapasHasta: 3
Repeticiones: 5
Intervalo: 10000
MultiplicadorProfunda: 0.700000
Tarjeta: NVIDIA GeForce RTX 3090 Ti

Costos:
0.2499460.2499060.2498370.2496910.2492840.2475010.2352540.2172200.2114210.2080900.2014580.1904660.1602500.1497610.1469810.1455720.1446470.1439610.1434290.1430040.1426520.1423500.1420970.1418870.1417090.1415540.1414170.1412920.1411790.1410720.1409680.1408640.1407560.1406470.1405350.1404190.1402990.1401750.1400470.1399140.1397800.1396460.1395130.1393840.1392630.1391540.1390580.1389750.1389040.1388460.1387970.1387570.1387240.1386950.1386720.1386520.1386350.1386200.1386070.1385950.1385840.1385740.1385660.1385580.1385510.1385440.1385360.1385300.1385230.1385180.1385120.1385060.1385010.1384960.1384910.1384850.1384790.1384740.1384680.1384620.1384560.1384480.1384400.1384310.1384180.1384010.1383730.1383180.1381750.1373920.1183930.055378