
Arquitectura: _2_12_1_
Semilla: 1764793957
Segundos: 342
NIteraciones: 1000000

Costo_train: 0.243730
Precision_train: 0.559952
Recall_train: 0.588161
F1_train: 0.573710

Costo_test: 0.244845
Precision_test: 0.570048
Recall_test: 0.572816
F1_test: 0.571429
 
Paso: 0.200000
Gamma: 0.000000
Parada: 0.100000
Iteraciones: 1000000
CapasDesde: 2
CapasHasta: 5
Repeticiones: 5
Intervalo: 10000
MultiplicadorProfunda: 0.700000
Tarjeta: NVIDIA GeForce RTX 3090 Ti

Costos:
0.2498050.2497500.2496200.2492290.2484840.2479050.2475750.2473890.2472600.2471480.2470390.2469260.2468070.2466870.2465700.2464580.2463390.2461830.2459770.2457470.2455340.2453600.2452230.2451160.2450280.2449560.2448950.2448430.2447970.2447570.2447220.2446900.2446620.2446360.2446120.2445890.2445680.2445480.2445290.2445100.2444920.2444740.2444560.2444390.2444210.2444040.2443860.2443680.2443490.2443300.2443080.2442830.2442570.2442270.2441970.2441680.2441400.2441160.2440950.2440760.2440590.2440450.2440310.2440190.2440070.2439960.2439860.2439760.2439670.2439590.2439500.2439420.2439330.2439250.2439170.2439090.2439020.2438940.2438860.2438780.2438700.2438620.2438550.2438470.2438400.2438320.2438250.2438180.2438100.2438030.2437960.2437890.2437810.2437740.2437670.2437600.2437520.2437440.243737