
Arquitectura: _2_12_1_
Semilla: 1764792601
Segundos: 342
NIteraciones: 1000000

Costo_train: 0.243425
Precision_train: 0.558442
Recall_train: 0.595718
F1_train: 0.576478

Costo_test: 0.249666
Precision_test: 0.560386
Recall_test: 0.563107
F1_test: 0.561743
 
Paso: 0.200000
Gamma: 0.000000
Parada: 0.100000
Iteraciones: 1000000
CapasDesde: 2
CapasHasta: 5
Repeticiones: 5
Intervalo: 10000
MultiplicadorProfunda: 0.700000
Tarjeta: NVIDIA GeForce RTX 3090 Ti

Costos:
0.2497900.2496700.2493440.2487430.2483220.2480480.2477760.2475290.2473410.2471910.2470420.2468920.2467660.2466620.2465740.2464870.2463900.2462790.2461720.2460800.2459960.2459200.2458490.2457830.2457220.2456650.2456110.2455570.2455040.2454520.2454010.2453520.2453040.2452550.2452010.2451440.2450810.2450130.2449390.2448650.2447920.2447230.2446600.2446030.2445530.2445080.2444690.2444330.2444020.2443740.2443500.2443270.2443070.2442890.2442730.2442570.2442440.2442310.2442190.2442080.2441980.2441880.2441790.2441700.2441610.2441530.2441440.2441350.2441260.2441140.2441010.2440800.2440500.2440090.2439600.2439140.2438750.2438450.2438210.2438010.2437860.2437720.2437600.2437500.2437390.2437290.2437190.2437080.2436960.2436830.2436680.2436500.2436300.2436080.2435820.2435540.2435240.2434920.243459