
Arquitectura: _2_12_1_
Semilla: 1764788541
Segundos: 342
NIteraciones: 1000000

Costo_train: 0.244132
Precision_train: 0.554770
Recall_train: 0.593199
F1_train: 0.573341

Costo_test: 0.245867
Precision_test: 0.565217
Recall_test: 0.567961
F1_test: 0.566586
 
Paso: 0.200000
Gamma: 0.000000
Parada: 0.100000
Iteraciones: 1000000
CapasDesde: 2
CapasHasta: 5
Repeticiones: 5
Intervalo: 10000
MultiplicadorProfunda: 0.700000
Tarjeta: NVIDIA GeForce RTX 3090 Ti

Costos:
0.2498110.2497860.2497420.2496280.2492550.2485940.2481380.2478230.2475650.2473750.2472210.2470810.2469410.2468030.2466730.2465510.2464270.2462910.2461410.2460010.2458880.2458010.2457290.2456680.2456130.2455640.2455180.2454760.2454360.2454000.2453660.2453340.2453040.2452760.2452500.2452250.2452010.2451790.2451580.2451380.2451180.2450990.2450800.2450620.2450450.2450280.2450110.2449950.2449790.2449630.2449480.2449320.2449150.2448990.2448820.2448640.2448450.2448260.2448060.2447850.2447640.2447430.2447220.2447010.2446800.2446600.2446390.2446190.2445990.2445800.2445610.2445420.2445240.2445060.2444880.2444720.2444550.2444380.2444220.2444060.2443910.2443750.2443610.2443460.2443320.2443180.2443040.2442900.2442770.2442630.2442490.2442370.2442230.2442100.2441970.2441840.2441710.2441590.244145