
Arquitectura: _2_12_1_
Semilla: 1764789894
Segundos: 342
NIteraciones: 1000000

Costo_train: 0.244363
Precision_train: 0.553757
Recall_train: 0.603275
F1_train: 0.577456

Costo_test: 0.245988
Precision_test: 0.570093
Recall_test: 0.592233
F1_test: 0.580952
 
Paso: 0.200000
Gamma: 0.000000
Parada: 0.100000
Iteraciones: 1000000
CapasDesde: 2
CapasHasta: 5
Repeticiones: 5
Intervalo: 10000
MultiplicadorProfunda: 0.700000
Tarjeta: NVIDIA GeForce RTX 3090 Ti

Costos:
0.2496140.2492170.2486880.2483460.2480290.2476770.2474060.2471820.2469740.2467920.2466360.2465010.2463840.2462820.2461880.2460950.2459980.2458990.2458100.2457350.2456710.2456150.2455640.2455180.2454760.2454370.2454010.2453680.2453360.2453070.2452800.2452540.2452300.2452070.2451850.2451640.2451450.2451270.2451100.2450940.2450780.2450630.2450490.2450350.2450220.2450100.2449970.2449840.2449720.2449590.2449470.2449350.2449220.2449100.2448970.2448830.2448700.2448560.2448420.2448280.2448130.2447980.2447820.2447670.2447510.2447350.2447190.2447030.2446870.2446710.2446560.2446410.2446270.2446130.2446010.2445890.2445770.2445650.2445540.2445440.2445330.2445230.2445130.2445030.2444940.2444850.2444760.2444670.2444580.2444490.2444400.2444310.2444220.2444140.2444050.2443970.2443880.2443800.244371