
Arquitectura: _2_12_1_
Semilla: 1764791247
Segundos: 342
NIteraciones: 1000000

Costo_train: 0.244249
Precision_train: 0.553592
Recall_train: 0.591940
F1_train: 0.572124

Costo_test: 0.246071
Precision_test: 0.560386
Recall_test: 0.563107
F1_test: 0.561743
 
Paso: 0.200000
Gamma: 0.000000
Parada: 0.100000
Iteraciones: 1000000
CapasDesde: 2
CapasHasta: 5
Repeticiones: 5
Intervalo: 10000
MultiplicadorProfunda: 0.700000
Tarjeta: NVIDIA GeForce RTX 3090 Ti

Costos:
0.2497810.2496600.2493010.2486760.2481830.2477840.2474930.2473130.2471760.2470520.2469310.2468120.2466940.2465730.2464420.2462920.2461370.2460030.2458990.2458160.2457480.2456870.2456330.2455830.2455360.2454910.2454490.2454090.2453700.2453330.2452970.2452640.2452300.2451990.2451680.2451380.2451090.2450810.2450530.2450260.2449990.2449730.2449480.2449230.2448990.2448750.2448520.2448310.2448100.2447910.2447730.2447550.2447390.2447240.2447090.2446960.2446830.2446700.2446580.2446470.2446370.2446260.2446170.2446070.2445980.2445890.2445800.2445710.2445610.2445510.2445410.2445300.2445180.2445060.2444930.2444800.2444680.2444560.2444440.2444330.2444230.2444120.2444030.2443930.2443840.2443750.2443660.2443570.2443480.2443390.2443300.2443210.2443120.2443030.2442930.2442840.2442750.2442660.244257