
Arquitectura: _2_3_3_3_1_
Semilla: 1764787754
Segundos: 787
NIteraciones: 1000000

Costo_train: 0.248356
Precision_train: 0.523750
Recall_train: 0.527708
F1_train: 0.525721

Costo_test: 0.250726
Precision_test: 0.512048
Recall_test: 0.412621
F1_test: 0.456989
 
Paso: 0.200000
Gamma: 0.000000
Parada: 0.100000
Iteraciones: 1000000
CapasDesde: 2
CapasHasta: 5
Repeticiones: 5
Intervalo: 10000
MultiplicadorProfunda: 0.700000
Tarjeta: NVIDIA GeForce RTX 3090 Ti

Costos:
0.2500030.2499940.2499880.2499810.2499750.2499690.2499630.2499580.2499510.2499440.2499370.2499300.2499220.2499150.2499070.2498990.2498910.2498830.2498750.2498680.2498610.2498540.2498460.2498370.2498280.2498190.2498080.2497950.2497810.2497640.2497430.2497180.2496870.2496500.2496040.2495500.2494860.2494110.2493270.2492320.2491300.2490260.2489250.2488360.2487640.2487090.2486680.2486380.2486150.2485960.2485810.2485680.2485560.2485460.2485360.2485270.2485190.2485110.2485030.2484970.2484900.2484830.2484770.2484710.2484650.2484600.2484540.2484490.2484440.2484390.2484350.2484310.2484260.2484220.2484190.2484150.2484110.2484080.2484050.2484020.2483980.2483950.2483930.2483900.2483870.2483850.2483820.2483800.2483770.2483750.2483730.2483710.2483690.2483670.2483660.2483640.2483620.2483600.248358