
Arquitectura: _2_3_3_3_3_1_
Semilla: 1764790236
Segundos: 1011
NIteraciones: 1000000

Costo_train: 0.249852
Precision_train: 0.500835
Recall_train: 0.377834
F1_train: 0.430725

Costo_test: 0.250584
Precision_test: 0.464286
Recall_test: 0.315534
F1_test: 0.375723
 
Paso: 0.200000
Gamma: 0.000000
Parada: 0.100000
Iteraciones: 1000000
CapasDesde: 2
CapasHasta: 5
Repeticiones: 5
Intervalo: 10000
MultiplicadorProfunda: 0.700000
Tarjeta: NVIDIA GeForce RTX 3090 Ti

Costos:
0.2499830.2499830.2499830.2499830.2499830.2499830.2499830.2499830.2499830.2499820.2499820.2499820.2499820.2499810.2499810.2499810.2499810.2499810.2499810.2499810.2499800.2499800.2499800.2499790.2499790.2499790.2499790.2499780.2499780.2499780.2499770.2499770.2499760.2499760.2499760.2499750.2499750.2499740.2499740.2499730.2499730.2499720.2499710.2499710.2499700.2499700.2499690.2499680.2499670.2499670.2499650.2499650.2499640.2499620.2499610.2499600.2499590.2499580.2499570.2499550.2499530.2499510.2499500.2499480.2499460.2499440.2499420.2499400.2499370.2499350.2499320.2499290.2499260.2499240.2499210.2499180.2499150.2499110.2499080.2499040.2499010.2498970.2498940.2498900.2498870.2498830.2498800.2498770.2498740.2498710.2498690.2498660.2498640.2498610.2498600.2498580.2498560.2498550.249853