
Arquitectura: _2_3_3_3_1_
Semilla: 1764783617
Segundos: 1194
NIteraciones: 1000000

Costo_train: 0.246324
Precision_train: 0.557895
Recall_train: 0.467254
F1_train: 0.508568

Costo_test: 0.245926
Precision_test: 0.565789
Recall_test: 0.417476
F1_test: 0.480447
 
Paso: 0.200000
Gamma: 0.000000
Parada: 0.100000
Iteraciones: 1000000
CapasDesde: 2
CapasHasta: 5
Repeticiones: 5
Intervalo: 10000
MultiplicadorProfunda: 0.700000
Tarjeta: NVIDIA GeForce RTX 3090 Ti

Costos:
0.2499730.2499710.2499690.2499680.2499650.2499630.2499600.2499570.2499540.2499500.2499460.2499400.2499340.2499270.2499190.2499100.2499000.2498880.2498740.2498580.2498410.2498200.2497980.2497730.2497450.2497160.2496830.2496480.2496120.2495720.2495300.2494850.2494360.2493830.2493250.2492600.2491880.2491050.2490080.2488960.2487650.2486130.2484430.2482630.2480820.2479140.2477610.2476230.2475020.2473980.2473130.2472430.2471840.2471350.2470920.2470550.2470220.2469920.2469660.2469410.2469190.2468990.2468800.2468620.2468460.2468290.2468140.2467990.2467850.2467700.2467560.2467420.2467280.2467150.2467020.2466880.2466750.2466620.2466490.2466350.2466210.2466070.2465930.2465790.2465650.2465510.2465360.2465220.2465070.2464910.2464760.2464600.2464440.2464280.2464110.2463940.2463770.2463590.246342