
Arquitectura: _2_3_3_3_1_
Semilla: 1764786627
Segundos: 785
NIteraciones: 1000000

Costo_train: 0.246719
Precision_train: 0.544665
Recall_train: 0.552897
F1_train: 0.548750

Costo_test: 0.245640
Precision_test: 0.587629
Recall_test: 0.553398
F1_test: 0.570000
 
Paso: 0.200000
Gamma: 0.000000
Parada: 0.100000
Iteraciones: 1000000
CapasDesde: 2
CapasHasta: 5
Repeticiones: 5
Intervalo: 10000
MultiplicadorProfunda: 0.700000
Tarjeta: NVIDIA GeForce RTX 3090 Ti

Costos:
0.2499650.2499610.2499570.2499520.2499460.2499400.2499340.2499270.2499210.2499130.2499060.2498990.2498920.2498860.2498800.2498740.2498690.2498640.2498600.2498560.2498530.2498490.2498460.2498430.2498400.2498370.2498340.2498300.2498270.2498240.2498200.2498160.2498120.2498070.2498020.2497970.2497910.2497840.2497770.2497690.2497610.2497530.2497440.2497350.2497250.2497150.2497040.2496930.2496810.2496690.2496560.2496420.2496280.2496130.2495970.2495810.2495630.2495440.2495240.2495030.2494790.2494530.2494240.2493910.2493530.2493090.2492540.2491890.2491060.2490020.2488720.2487080.2485110.2482900.2480610.2478490.2476710.2475290.2474160.2473230.2472470.2471840.2471320.2470870.2470480.2470130.2469820.2469530.2469270.2469020.2468800.2468580.2468380.2468190.2468010.2467830.2467660.2467500.246734