
Arquitectura: _2_3_3_1_
Semilla: 1764776920
Segundos: 1004
NIteraciones: 1000000

Costo_train: 0.246523
Precision_train: 0.548387
Recall_train: 0.535264
F1_train: 0.541746

Costo_test: 0.245424
Precision_test: 0.606936
Recall_test: 0.509709
F1_test: 0.554090
 
Paso: 0.200000
Gamma: 0.000000
Parada: 0.100000
Iteraciones: 1000000
CapasDesde: 2
CapasHasta: 5
Repeticiones: 5
Intervalo: 10000
MultiplicadorProfunda: 0.700000
Tarjeta: NVIDIA GeForce RTX 3090 Ti

Costos:
0.2498140.2498050.2497960.2497870.2497760.2497620.2497440.2497200.2496840.2496320.2495550.2494450.2493010.2491220.2489270.2487400.2485720.2484060.2482230.2480390.2478700.2477200.2475880.2474720.2473760.2472980.2472380.2471920.2471570.2471300.2471080.2470900.2470750.2470620.2470500.2470390.2470290.2470190.2470090.2469990.2469890.2469790.2469690.2469580.2469480.2469380.2469270.2469170.2469070.2468970.2468870.2468780.2468690.2468600.2468510.2468430.2468350.2468270.2468190.2468110.2468030.2467960.2467880.2467810.2467730.2467660.2467590.2467520.2467440.2467370.2467290.2467230.2467150.2467080.2467010.2466930.2466850.2466780.2466700.2466630.2466560.2466480.2466410.2466330.2466260.2466180.2466120.2466040.2465970.2465900.2465830.2465760.2465690.2465620.2465550.2465490.2465420.2465360.246529