
Arquitectura: _2_3_3_3_3_1_
Semilla: 1764788883
Segundos: 1011
NIteraciones: 1000000

Costo_train: 0.249356
Precision_train: 0.523429
Recall_train: 0.576826
F1_train: 0.548832

Costo_test: 0.250349
Precision_test: 0.533333
Recall_test: 0.543689
F1_test: 0.538462
 
Paso: 0.200000
Gamma: 0.000000
Parada: 0.100000
Iteraciones: 1000000
CapasDesde: 2
CapasHasta: 5
Repeticiones: 5
Intervalo: 10000
MultiplicadorProfunda: 0.700000
Tarjeta: NVIDIA GeForce RTX 3090 Ti

Costos:
0.2499720.2499710.2499700.2499690.2499680.2499670.2499660.2499640.2499630.2499620.2499610.2499590.2499570.2499560.2499540.2499520.2499500.2499470.2499450.2499430.2499400.2499370.2499340.2499310.2499270.2499240.2499200.2499150.2499110.2499050.2499000.2498940.2498870.2498810.2498730.2498650.2498570.2498480.2498390.2498290.2498180.2498070.2497960.2497850.2497730.2497610.2497500.2497380.2497270.2497170.2497070.2496970.2496880.2496790.2496700.2496620.2496540.2496470.2496390.2496320.2496240.2496170.2496100.2496020.2495960.2495880.2495810.2495730.2495660.2495580.2495510.2495440.2495360.2495290.2495230.2495150.2495080.2495010.2494940.2494870.2494800.2494730.2494660.2494590.2494520.2494450.2494390.2494320.2494250.2494190.2494120.2494060.2493990.2493930.2493860.2493800.2493740.2493680.249362