
Arquitectura: _2_3_3_1_
Semilla: 1764778518
Segundos: 979
NIteraciones: 1000000

Costo_train: 0.245929
Precision_train: 0.550769
Recall_train: 0.450882
F1_train: 0.495845

Costo_test: 0.246560
Precision_test: 0.554795
Recall_test: 0.393204
F1_test: 0.460227
 
Paso: 0.200000
Gamma: 0.000000
Parada: 0.100000
Iteraciones: 1000000
CapasDesde: 2
CapasHasta: 5
Repeticiones: 5
Intervalo: 10000
MultiplicadorProfunda: 0.700000
Tarjeta: NVIDIA GeForce RTX 3090 Ti

Costos:
0.2499480.2499300.2499110.2498920.2498720.2498540.2498400.2498280.2498190.2498120.2498060.2498010.2497970.2497930.2497890.2497840.2497800.2497750.2497700.2497640.2497580.2497520.2497450.2497370.2497290.2497190.2497080.2496960.2496820.2496660.2496470.2496250.2495980.2495650.2495260.2494780.2494170.2493390.2492390.2491080.2489380.2487220.2484610.2481640.2478620.2476040.2474160.2472920.2472020.2471280.2470590.2469940.2469340.2468810.2468370.2467990.2467670.2467390.2467130.2466900.2466690.2466490.2466300.2466120.2465940.2465770.2465600.2465450.2465290.2465130.2464980.2464830.2464680.2464530.2464380.2464230.2464080.2463920.2463760.2463590.2463420.2463250.2463070.2462890.2462690.2462490.2462290.2462070.2461860.2461630.2461410.2461180.2460950.2460710.2460480.2460240.2460000.2459760.245952