
Arquitectura: _2_3_3_1_
Semilla: 1764756919
Segundos: 19391
NIteraciones: 1000000

Costo_train: 0.245860
Precision_train: 0.550861
Recall_train: 0.443325
F1_train: 0.491277

Costo_test: 0.246843
Precision_test: 0.562500
Recall_test: 0.393204
F1_test: 0.462857
 
Paso: 0.200000
Gamma: 0.000000
Parada: 0.100000
Iteraciones: 1000000
CapasDesde: 2
CapasHasta: 5
Repeticiones: 5
Intervalo: 10000
MultiplicadorProfunda: 0.700000
Tarjeta: NVIDIA GeForce RTX 3090 Ti

Costos:
0.2499990.2498820.2498660.2498620.2498580.2498550.2498520.2498500.2498470.2498440.2498410.2498390.2498360.2498320.2498290.2498250.2498220.2498180.2498130.2498100.2498050.2498010.2497960.2497910.2497870.2497820.2497770.2497710.2497650.2497580.2497510.2497430.2497350.2497250.2497150.2497040.2496910.2496780.2496630.2496470.2496290.2496100.2495890.2495660.2495400.2495120.2494810.2494460.2494050.2493540.2492890.2491980.2490660.2488680.2485860.2482330.2478710.2475760.2473740.2472420.2471450.2470650.2469950.2469350.2468850.2468420.2468060.2467740.2467470.2467220.2467000.2466780.2466580.2466390.2466200.2466010.2465830.2465650.2465470.2465280.2465090.2464900.2464690.2464480.2464260.2464020.2463770.2463500.2463210.2462900.2462570.2462230.2461860.2461470.2461050.2460610.2460150.2459660.245915