
Arquitectura: _2_3_3_3_3_1_
Semilla: 1764792943
Segundos: 1014
NIteraciones: 1000000

Costo_train: 0.249394
Precision_train: 0.525822
Recall_train: 0.564232
F1_train: 0.544350

Costo_test: 0.250415
Precision_test: 0.522388
Recall_test: 0.509709
F1_test: 0.515970
 
Paso: 0.200000
Gamma: 0.000000
Parada: 0.100000
Iteraciones: 1000000
CapasDesde: 2
CapasHasta: 5
Repeticiones: 5
Intervalo: 10000
MultiplicadorProfunda: 0.700000
Tarjeta: NVIDIA GeForce RTX 3090 Ti

Costos:
0.2499930.2499920.2499920.2499910.2499910.2499900.2499890.2499880.2499870.2499870.2499860.2499850.2499850.2499840.2499830.2499830.2499820.2499810.2499800.2499800.2499790.2499790.2499780.2499770.2499760.2499750.2499740.2499730.2499720.2499720.2499700.2499690.2499680.2499670.2499660.2499640.2499630.2499620.2499600.2499590.2499570.2499550.2499530.2499510.2499490.2499460.2499440.2499410.2499370.2499340.2499310.2499270.2499230.2499190.2499140.2499090.2499030.2498970.2498900.2498830.2498750.2498670.2498580.2498480.2498370.2498260.2498140.2498010.2497880.2497730.2497590.2497430.2497280.2497130.2496970.2496820.2496670.2496520.2496380.2496240.2496110.2495980.2495860.2495740.2495620.2495500.2495390.2495280.2495170.2495050.2494940.2494840.2494730.2494620.2494510.2494390.2494280.2494170.249405