
Arquitectura: _2_3_3_3_3_1_
Semilla: 1764791589
Segundos: 1012
NIteraciones: 1000000

Costo_train: 0.249616
Precision_train: 0.523039
Recall_train: 0.528967
F1_train: 0.525986

Costo_test: 0.250563
Precision_test: 0.515464
Recall_test: 0.485437
F1_test: 0.500000
 
Paso: 0.200000
Gamma: 0.000000
Parada: 0.100000
Iteraciones: 1000000
CapasDesde: 2
CapasHasta: 5
Repeticiones: 5
Intervalo: 10000
MultiplicadorProfunda: 0.700000
Tarjeta: NVIDIA GeForce RTX 3090 Ti

Costos:
0.2499890.2499880.2499870.2499850.2499850.2499830.2499820.2499810.2499800.2499780.2499770.2499750.2499740.2499730.2499710.2499690.2499680.2499660.2499640.2499630.2499610.2499590.2499570.2499550.2499530.2499500.2499480.2499450.2499430.2499400.2499370.2499340.2499320.2499280.2499250.2499210.2499180.2499140.2499100.2499070.2499030.2498990.2498950.2498910.2498860.2498820.2498780.2498740.2498700.2498660.2498620.2498590.2498550.2498510.2498480.2498450.2498410.2498380.2498360.2498320.2498290.2498260.2498230.2498210.2498170.2498140.2498100.2498070.2498030.2497990.2497950.2497910.2497860.2497810.2497760.2497710.2497650.2497600.2497540.2497480.2497420.2497360.2497300.2497230.2497170.2497110.2497040.2496980.2496910.2496840.2496780.2496710.2496640.2496580.2496510.2496440.2496370.2496300.249623