
Arquitectura: _2_3_3_3_1_
Semilla: 1764785329
Segundos: 956
NIteraciones: 1000000

Costo_train: 0.246786
Precision_train: 0.548995
Recall_train: 0.550378
F1_train: 0.549685

Costo_test: 0.245484
Precision_test: 0.585492
Recall_test: 0.548544
F1_test: 0.566416
 
Paso: 0.200000
Gamma: 0.000000
Parada: 0.100000
Iteraciones: 1000000
CapasDesde: 2
CapasHasta: 5
Repeticiones: 5
Intervalo: 10000
MultiplicadorProfunda: 0.700000
Tarjeta: NVIDIA GeForce RTX 3090 Ti

Costos:
0.2499870.2499860.2499860.2499850.2499840.2499840.2499830.2499820.2499810.2499800.2499800.2499780.2499770.2499760.2499750.2499730.2499710.2499690.2499670.2499650.2499620.2499590.2499560.2499520.2499480.2499430.2499370.2499300.2499230.2499140.2499050.2498940.2498810.2498670.2498510.2498330.2498140.2497940.2497720.2497500.2497280.2497060.2496840.2496620.2496400.2496170.2495940.2495680.2495400.2495110.2494780.2494430.2494020.2493580.2493100.2492560.2491990.2491370.2490730.2490080.2489420.2488780.2488150.2487530.2486920.2486280.2485590.2484800.2483880.2482810.2481650.2480420.2479230.2478130.2477150.2476270.2475450.2474650.2473870.2473120.2472440.2471840.2471340.2470920.2470570.2470270.2470020.2469790.2469590.2469390.2469210.2469030.2468870.2468710.2468550.2468410.2468260.2468120.246799