
Arquitectura: _2_3_3_1_
Semilla: 1764755331
Segundos: 993
NIteraciones: 1000000

Costo_train: 0.244194
Precision_train: 0.557627
Recall_train: 0.414358
F1_train: 0.475434

Costo_test: 0.247312
Precision_test: 0.574627
Recall_test: 0.373786
F1_test: 0.452941
 
Paso: 0.200000
Gamma: 0.000000
Parada: 0.100000
Iteraciones: 1000000
CapasDesde: 2
CapasHasta: 5
Repeticiones: 5
Intervalo: 10000
MultiplicadorProfunda: 0.700000
Tarjeta: NVIDIA GeForce RTX 3090 Ti

Costos:
0.2499690.2499110.2498670.2498320.2498060.2497860.2497670.2497470.2497230.2496930.2496550.2496050.2495400.2494560.2493490.2492150.2490540.2488680.2486640.2484650.2482990.2481730.2480790.2480040.2479400.2478810.2478220.2477540.2476610.2475270.2473700.2472470.2471720.2471240.2470880.2470590.2470320.2470080.2469850.2469590.2469280.2468880.2468390.2467860.2467380.2466990.2466680.2466420.2466180.2465950.2465740.2465520.2465300.2465070.2464830.2464580.2464320.2464040.2463750.2463440.2463110.2462770.2462410.2462030.2461650.2461250.2460830.2460400.2459950.2459490.2459000.2458500.2457970.2457420.2456850.2456240.2455620.2454970.2454300.2453610.2452910.2452190.2451470.2450750.2450040.2449330.2448640.2447970.2447320.2446700.2446100.2445530.2444990.2444480.2444000.2443540.2443110.2442700.244231