
Arquitectura: _2_3_3_3_1_
Semilla: 1764781689
Segundos: 1384
NIteraciones: 1000000

Costo_train: 0.246597
Precision_train: 0.534667
Recall_train: 0.505038
F1_train: 0.519430

Costo_test: 0.245332
Precision_test: 0.576087
Recall_test: 0.514563
F1_test: 0.543590
 
Paso: 0.200000
Gamma: 0.000000
Parada: 0.100000
Iteraciones: 1000000
CapasDesde: 2
CapasHasta: 5
Repeticiones: 5
Intervalo: 10000
MultiplicadorProfunda: 0.700000
Tarjeta: NVIDIA GeForce RTX 3090 Ti

Costos:
0.2498890.2498720.2498530.2498350.2498160.2497990.2497830.2497690.2497570.2497450.2497350.2497240.2497140.2497030.2496930.2496820.2496700.2496580.2496450.2496320.2496190.2496040.2495890.2495730.2495560.2495380.2495180.2494980.2494760.2494520.2494250.2493970.2493640.2493270.2492860.2492370.2491790.2491080.2490200.2489080.2487700.2486070.2484360.2482790.2481500.2480470.2479620.2478820.2478000.2477130.2476240.2475370.2474560.2473820.2473160.2472570.2472050.2471580.2471170.2470790.2470450.2470140.2469860.2469600.2469370.2469150.2468960.2468780.2468610.2468470.2468330.2468190.2468080.2467960.2467850.2467750.2467650.2467570.2467470.2467390.2467310.2467230.2467150.2467070.2467000.2466920.2466850.2466780.2466700.2466630.2466570.2466500.2466430.2466360.2466300.2466230.2466170.2466100.246604