
Arquitectura: _2_3_3_1_
Semilla: 1764780094
Segundos: 993
NIteraciones: 1000000

Costo_train: 0.243622
Precision_train: 0.568823
Recall_train: 0.431990
F1_train: 0.491052

Costo_test: 0.247763
Precision_test: 0.571429
Recall_test: 0.368932
F1_test: 0.448378
 
Paso: 0.200000
Gamma: 0.000000
Parada: 0.100000
Iteraciones: 1000000
CapasDesde: 2
CapasHasta: 5
Repeticiones: 5
Intervalo: 10000
MultiplicadorProfunda: 0.700000
Tarjeta: NVIDIA GeForce RTX 3090 Ti

Costos:
0.2497930.2497690.2497410.2497050.2496580.2495960.2495100.2493850.2492000.2489350.2485950.2482270.2479010.2476600.2474930.2473690.2472660.2471740.2470930.2470240.2469670.2469210.2468810.2468480.2468190.2467920.2467680.2467450.2467230.2467020.2466820.2466610.2466420.2466220.2466030.2465840.2465650.2465460.2465270.2465080.2464880.2464680.2464460.2464230.2463990.2463730.2463440.2463130.2462790.2462410.2461990.2461520.2461000.2460420.2459780.2459090.2458320.2457500.2456620.2455690.2454710.2453710.2452700.2451700.2450710.2449760.2448850.2448000.2447210.2446470.2445790.2445150.2444570.2444030.2443530.2443060.2442620.2442210.2441810.2441450.2441090.2440760.2440440.2440130.2439830.2439550.2439270.2439000.2438740.2438490.2438240.2438000.2437760.2437530.2437310.2437090.2436860.2436650.243643