
Arquitectura: _2_6_1_
Semilla: 1764754732
Segundos: 599
NIteraciones: 1000000

Costo_train: 0.244520
Precision_train: 0.547085
Recall_train: 0.614610
F1_train: 0.578885

Costo_test: 0.245696
Precision_test: 0.556075
Recall_test: 0.577670
F1_test: 0.566667
 
Paso: 0.200000
Gamma: 0.000000
Parada: 0.100000
Iteraciones: 1000000
CapasDesde: 2
CapasHasta: 5
Repeticiones: 5
Intervalo: 10000
MultiplicadorProfunda: 0.700000
Tarjeta: NVIDIA GeForce RTX 3090 Ti

Costos:
0.2497850.2496420.2492990.2487880.2484540.2481910.2478180.2475020.2472980.2471580.2470480.2469460.2468470.2467540.2466640.2465710.2464650.2463410.2462000.2460480.2459060.2457910.2456990.2456220.2455560.2454980.2454460.2453990.2453570.2453190.2452830.2452510.2452200.2451930.2451660.2451420.2451190.2450980.2450780.2450590.2450400.2450230.2450070.2449920.2449770.2449630.2449490.2449370.2449240.2449120.2449010.2448900.2448800.2448700.2448600.2448500.2448410.2448320.2448230.2448140.2448060.2447980.2447900.2447820.2447740.2447670.2447600.2447520.2447450.2447370.2447300.2447230.2447160.2447090.2447020.2446950.2446880.2446810.2446740.2446670.2446610.2446540.2446470.2446400.2446330.2446250.2446180.2446110.2446040.2445970.2445900.2445820.2445750.2445680.2445600.2445520.2445440.2445360.244528