
Arquitectura: _2_6_1_
Semilla: 1764776310
Segundos: 610
NIteraciones: 1000000

Costo_train: 0.244736
Precision_train: 0.553466
Recall_train: 0.593199
F1_train: 0.572644

Costo_test: 0.245803
Precision_test: 0.574766
Recall_test: 0.597087
F1_test: 0.585714
 
Paso: 0.200000
Gamma: 0.000000
Parada: 0.100000
Iteraciones: 1000000
CapasDesde: 2
CapasHasta: 5
Repeticiones: 5
Intervalo: 10000
MultiplicadorProfunda: 0.700000
Tarjeta: NVIDIA GeForce RTX 3090 Ti

Costos:
0.2498180.2497630.2497050.2495960.2492910.2487360.2483390.2480300.2477160.2474500.2472460.2470850.2469470.2468290.2467320.2466520.2465850.2465220.2464580.2463810.2462850.2461660.2460430.2459400.2458600.2457970.2457430.2456960.2456530.2456140.2455790.2455450.2455130.2454830.2454550.2454270.2454000.2453740.2453490.2453250.2453010.2452790.2452570.2452370.2452170.2451970.2451790.2451620.2451450.2451290.2451140.2450990.2450840.2450700.2450570.2450450.2450330.2450210.2450090.2449980.2449880.2449770.2449670.2449580.2449480.2449390.2449300.2449210.2449130.2449050.2448980.2448900.2448820.2448750.2448680.2448620.2448550.2448480.2448420.2448350.2448290.2448240.2448170.2448120.2448060.2448010.2447960.2447900.2447850.2447800.2447750.2447700.2447660.2447620.2447570.2447530.2447490.2447440.244740