
Arquitectura: _2_6_1_
Semilla: 1764777924
Segundos: 594
NIteraciones: 1000000

Costo_train: 0.244720
Precision_train: 0.550708
Recall_train: 0.588161
F1_train: 0.568819

Costo_test: 0.245878
Precision_test: 0.574766
Recall_test: 0.597087
F1_test: 0.585714
 
Paso: 0.200000
Gamma: 0.000000
Parada: 0.100000
Iteraciones: 1000000
CapasDesde: 2
CapasHasta: 5
Repeticiones: 5
Intervalo: 10000
MultiplicadorProfunda: 0.700000
Tarjeta: NVIDIA GeForce RTX 3090 Ti

Costos:
0.2496020.2490780.2483870.2478460.2474650.2471850.2469760.2468250.2467170.2466390.2465800.2465280.2464730.2464020.2463000.2461730.2460440.2459380.2458560.2457930.2457410.2456950.2456520.2456120.2455730.2455350.2454970.2454600.2454240.2453890.2453550.2453220.2452910.2452620.2452360.2452110.2451880.2451670.2451470.2451290.2451120.2450960.2450820.2450680.2450540.2450420.2450300.2450190.2450080.2449970.2449870.2449780.2449680.2449590.2449500.2449420.2449340.2449260.2449190.2449110.2449040.2448970.2448900.2448840.2448770.2448710.2448650.2448590.2448540.2448480.2448430.2448370.2448320.2448270.2448210.2448160.2448120.2448070.2448020.2447980.2447930.2447890.2447850.2447800.2447760.2447720.2447680.2447640.2447600.2447570.2447520.2447490.2447450.2447410.2447380.2447340.2447310.2447270.244724