
Arquitectura: _2_6_1_
Semilla: 1764756324
Segundos: 595
NIteraciones: 1000000

Costo_train: 0.244542
Precision_train: 0.551313
Recall_train: 0.581864
F1_train: 0.566177

Costo_test: 0.247123
Precision_test: 0.571429
Recall_test: 0.563107
F1_test: 0.567237
 
Paso: 0.200000
Gamma: 0.000000
Parada: 0.100000
Iteraciones: 1000000
CapasDesde: 2
CapasHasta: 5
Repeticiones: 5
Intervalo: 10000
MultiplicadorProfunda: 0.700000
Tarjeta: NVIDIA GeForce RTX 3090 Ti

Costos:
0.2497180.2495630.2492260.2488020.2485620.2484620.2483880.2482550.2479830.2476090.2472670.2469910.2467540.2465520.2463720.2461940.2460100.2458260.2456550.2455030.2453750.2452710.2451900.2451270.2450760.2450340.2449960.2449620.2449310.2449020.2448760.2448510.2448300.2448100.2447920.2447770.2447620.2447500.2447380.2447270.2447180.2447090.2447010.2446930.2446860.2446800.2446730.2446680.2446630.2446570.2446520.2446480.2446430.2446390.2446350.2446320.2446280.2446240.2446210.2446180.2446150.2446120.2446090.2446060.2446040.2446010.2445980.2445960.2445930.2445910.2445890.2445870.2445850.2445830.2445810.2445790.2445770.2445750.2445730.2445720.2445700.2445680.2445660.2445650.2445630.2445610.2445600.2445590.2445570.2445560.2445540.2445530.2445520.2445500.2445490.2445470.2445460.2445450.244544