
Arquitectura: _2_6_1_
Semilla: 1764779497
Segundos: 597
NIteraciones: 1000000

Costo_train: 0.244731
Precision_train: 0.550117
Recall_train: 0.594458
F1_train: 0.571429

Costo_test: 0.245842
Precision_test: 0.569444
Recall_test: 0.597087
F1_test: 0.582938
 
Paso: 0.200000
Gamma: 0.000000
Parada: 0.100000
Iteraciones: 1000000
CapasDesde: 2
CapasHasta: 5
Repeticiones: 5
Intervalo: 10000
MultiplicadorProfunda: 0.700000
Tarjeta: NVIDIA GeForce RTX 3090 Ti

Costos:
0.2497330.2496580.2495060.2491210.2486700.2483900.2481120.2477700.2474740.2472410.2470430.2468740.2467210.2465640.2463880.2462110.2460620.2459440.2458500.2457730.2457090.2456530.2456030.2455590.2455170.2454770.2454390.2454030.2453680.2453350.2453040.2452760.2452490.2452240.2452020.2451810.2451620.2451440.2451260.2451110.2450950.2450810.2450680.2450550.2450430.2450320.2450200.2450100.2449990.2449900.2449800.2449710.2449630.2449540.2449450.2449380.2449300.2449220.2449150.2449080.2449010.2448950.2448890.2448820.2448770.2448710.2448650.2448590.2448530.2448480.2448430.2448380.2448330.2448290.2448240.2448200.2448150.2448110.2448070.2448030.2447990.2447950.2447910.2447870.2447830.2447790.2447750.2447720.2447680.2447640.2447610.2447570.2447540.2447500.2447470.2447440.2447410.2447380.244734