
Arquitectura: _2_9_1_
Semilla: 1764781087
Segundos: 602
NIteraciones: 1000000

Costo_train: 0.244218
Precision_train: 0.554632
Recall_train: 0.588161
F1_train: 0.570905

Costo_test: 0.246094
Precision_test: 0.569307
Recall_test: 0.558252
F1_test: 0.563725
 
Paso: 0.200000
Gamma: 0.000000
Parada: 0.100000
Iteraciones: 1000000
CapasDesde: 2
CapasHasta: 5
Repeticiones: 5
Intervalo: 10000
MultiplicadorProfunda: 0.700000
Tarjeta: NVIDIA GeForce RTX 3090 Ti

Costos:
0.2493580.2487200.2483650.2480790.2477190.2474210.2472040.2470290.2468820.2467640.2466620.2465630.2464500.2463100.2461550.2460060.2458770.2457730.2456900.2456220.2455650.2455160.2454730.2454360.2454020.2453710.2453430.2453160.2452910.2452670.2452450.2452240.2452040.2451840.2451660.2451490.2451320.2451150.2451000.2450850.2450700.2450560.2450420.2450290.2450150.2450020.2449890.2449760.2449640.2449510.2449380.2449240.2449100.2448960.2448800.2448640.2448470.2448290.2448120.2447930.2447730.2447540.2447340.2447140.2446940.2446740.2446540.2446350.2446150.2445970.2445780.2445600.2445420.2445250.2445080.2444920.2444760.2444620.2444460.2444330.2444190.2444050.2443930.2443800.2443680.2443570.2443460.2443350.2443250.2443140.2443030.2442930.2442840.2442740.2442650.2442560.2442460.2442370.244227