
Arquitectura: _2_9_1_
Semilla: 1764783073
Segundos: 544
NIteraciones: 1000000

Costo_train: 0.243542
Precision_train: 0.546804
Recall_train: 0.603275
F1_train: 0.573653

Costo_test: 0.246600
Precision_test: 0.569444
Recall_test: 0.597087
F1_test: 0.582938
 
Paso: 0.200000
Gamma: 0.000000
Parada: 0.100000
Iteraciones: 1000000
CapasDesde: 2
CapasHasta: 5
Repeticiones: 5
Intervalo: 10000
MultiplicadorProfunda: 0.700000
Tarjeta: NVIDIA GeForce RTX 3090 Ti

Costos:
0.2497120.2493780.2488030.2484660.2482410.2479230.2476090.2473820.2472080.2470580.2469270.2468120.2467060.2465900.2464400.2462600.2460890.2459530.2458480.2457680.2457040.2456500.2456030.2455610.2455230.2454860.2454520.2454190.2453870.2453550.2453240.2452920.2452580.2452200.2451760.2451220.2450550.2449750.2448870.2448010.2447240.2446580.2446020.2445550.2445150.2444790.2444480.2444210.2443970.2443750.2443550.2443370.2443210.2443060.2442920.2442780.2442660.2442540.2442430.2442320.2442220.2442120.2442020.2441920.2441830.2441730.2441630.2441540.2441440.2441340.2441240.2441140.2441040.2440940.2440840.2440740.2440640.2440530.2440430.2440330.2440220.2440100.2439980.2439840.2439690.2439540.2439360.2439170.2438950.2438710.2438450.2438160.2437860.2437530.2437180.2436830.2436470.2436110.243576