
Arquitectura: _2_9_1_
Semilla: 1764787412
Segundos: 342
NIteraciones: 1000000

Costo_train: 0.244514
Precision_train: 0.556858
Recall_train: 0.598237
F1_train: 0.576806

Costo_test: 0.245527
Precision_test: 0.560976
Recall_test: 0.558252
F1_test: 0.559611
 
Paso: 0.200000
Gamma: 0.000000
Parada: 0.100000
Iteraciones: 1000000
CapasDesde: 2
CapasHasta: 5
Repeticiones: 5
Intervalo: 10000
MultiplicadorProfunda: 0.700000
Tarjeta: NVIDIA GeForce RTX 3090 Ti

Costos:
0.2497230.2495610.2491070.2485560.2482050.2478670.2475830.2473900.2472290.2470710.2469240.2468030.2467080.2466350.2465790.2465340.2464970.2464620.2464230.2463720.2463050.2462320.2461650.2461030.2460410.2459810.2459270.2458820.2458450.2458090.2457680.2457200.2456670.2456170.2455720.2455320.2454970.2454650.2454370.2454100.2453840.2453590.2453340.2453100.2452870.2452650.2452430.2452220.2452020.2451820.2451640.2451450.2451280.2451120.2450960.2450810.2450670.2450530.2450400.2450270.2450150.2450040.2449930.2449820.2449720.2449620.2449520.2449430.2449340.2449250.2449170.2449090.2449010.2448930.2448850.2448780.2448700.2448620.2448550.2448470.2448380.2448300.2448210.2448120.2448020.2447900.2447770.2447630.2447470.2447290.2447090.2446890.2446670.2446450.2446220.2446000.2445780.2445550.244534