
Arquitectura: _2_9_1_
Semilla: 1764786285
Segundos: 341
NIteraciones: 1000000

Costo_train: 0.244243
Precision_train: 0.555297
Recall_train: 0.600756
F1_train: 0.577132

Costo_test: 0.244873
Precision_test: 0.563981
Recall_test: 0.577670
F1_test: 0.570744
 
Paso: 0.200000
Gamma: 0.000000
Parada: 0.100000
Iteraciones: 1000000
CapasDesde: 2
CapasHasta: 5
Repeticiones: 5
Intervalo: 10000
MultiplicadorProfunda: 0.700000
Tarjeta: NVIDIA GeForce RTX 3090 Ti

Costos:
0.2497730.2496370.2493500.2488580.2484810.2482290.2478820.2475550.2473230.2471300.2469250.2467010.2464800.2462820.2461230.2460010.2459040.2458250.2457570.2456980.2456440.2455930.2455450.2454990.2454540.2454110.2453680.2453270.2452890.2452520.2452160.2451820.2451500.2451190.2450900.2450610.2450350.2450080.2449830.2449590.2449350.2449130.2448910.2448690.2448490.2448290.2448100.2447920.2447740.2447570.2447410.2447250.2447100.2446950.2446810.2446680.2446540.2446410.2446290.2446170.2446050.2445930.2445820.2445700.2445590.2445480.2445370.2445260.2445160.2445040.2444940.2444830.2444730.2444630.2444530.2444440.2444340.2444240.2444150.2444060.2443970.2443880.2443790.2443700.2443620.2443540.2443450.2443370.2443290.2443210.2443130.2443060.2442980.2442900.2442830.2442750.2442670.2442590.244251