
Arquitectura: _2_9_1_
Semilla: 1764784811
Segundos: 518
NIteraciones: 1000000

Costo_train: 0.242999
Precision_train: 0.549592
Recall_train: 0.593199
F1_train: 0.570563

Costo_test: 0.250892
Precision_test: 0.561321
Recall_test: 0.577670
F1_test: 0.569378
 
Paso: 0.200000
Gamma: 0.000000
Parada: 0.100000
Iteraciones: 1000000
CapasDesde: 2
CapasHasta: 5
Repeticiones: 5
Intervalo: 10000
MultiplicadorProfunda: 0.700000
Tarjeta: NVIDIA GeForce RTX 3090 Ti

Costos:
0.2497580.2495500.2490660.2485350.2481940.2478210.2474820.2472540.2470860.2469410.2468180.2467150.2466260.2465420.2464470.2463120.2461420.2459830.2458500.2457400.2456460.2455620.2454820.2454010.2453160.2452300.2451430.2450600.2449830.2449140.2448510.2447960.2447470.2447030.2446640.2446280.2445970.2445680.2445420.2445180.2444960.2444750.2444560.2444370.2444170.2443980.2443790.2443580.2443350.2443090.2442780.2442420.2441970.2441420.2440780.2440100.2439440.2438850.2438340.2437890.2437510.2437160.2436860.2436570.2436300.2436050.2435800.2435560.2435310.2435070.2434840.2434600.2434360.2434130.2433900.2433660.2433440.2433210.2432990.2432760.2432540.2432330.2432130.2431930.2431740.2431560.2431400.2431240.2431100.2430960.2430830.2430710.2430600.2430500.2430400.2430310.2430220.2430140.243006