
Arquitectura: _2_3_3_3_3_1_
Semilla: 1764740584
Segundos: 252
NIteraciones: 1000000

Costo_train: 0.226662
Precision_train: 0.616580
Recall_train: 0.595745
F1_train: 0.605983

Costo_test: 0.224201
Precision_test: 0.632653
Recall_test: 0.616915
F1_test: 0.624685
 
Paso: 0.200000
Gamma: 0.000000
Parada: 0.100000
Iteraciones: 1000000
CapasDesde: 4
CapasHasta: 4
Repeticiones: 5
Intervalo: 10000
MultiplicadorProfunda: 0.700000
Tarjeta: NVIDIA GeForce RTX 3090 Ti

Costos:
0.2500630.2500220.2499890.2499530.2499020.2498140.2496380.2492200.2480010.2424910.2324850.2306310.2294040.2284920.2280300.2277600.2275820.2274550.2273590.2272840.2272240.2271740.2271320.2270960.2270650.2270380.2270140.2269920.2269720.2269550.2269390.2269250.2269110.2268990.2268870.2268770.2268670.2268580.2268490.2268410.2268330.2268260.2268180.2268130.2268060.2268000.2267940.2267890.2267840.2267790.2267750.2267700.2267660.2267620.2267580.2267540.2267500.2267460.2267430.2267400.2267360.2267330.2267300.2267280.2267250.2267220.2267200.2267170.2267150.2267120.2267100.2267080.2267050.2267030.2267010.2266990.2266970.2266950.2266930.2266910.2266890.2266870.2266850.2266830.2266810.2266800.2266780.2266770.2266760.2266740.2266730.2266720.2266700.2266690.2266680.2266660.2266650.2266640.226663