
Arquitectura: _2_3_3_3_1_
Semilla: 1764696152
Segundos: 248
NIteraciones: 500000

Costo_train: 0.100349
Precision_train: 0.829352
Recall_train: 0.912390
F1_train: 0.868892

Costo_test: 0.112264
Precision_test: 0.855721
Recall_test: 0.855721
F1_test: 0.855721
 
Paso: 1.000000
Gamma: 0.300000
Parada: 0.100000
Iteraciones: 500000
CapasDesde: 3
CapasHasta: 4
Repeticiones: 5
Intervalo: 10000
MultiplicadorProfunda: 0.700000
Tarjeta: NVIDIA GeForce GTX 950M

Costos:
0.2273580.2269530.2270190.2269560.2269030.2268560.2268100.2267610.2201270.2000490.1839400.1579100.1526270.1514360.1507160.1501730.1497280.1492380.1409340.1403920.1400700.1398100.1396120.1394630.1393420.1392390.1391470.1390610.1389620.1358280.1140240.1103570.1089740.1076940.1067260.1059520.1053120.1047680.1042900.1038570.1034560.1030760.1027050.1023410.1019830.1016350.1013000.1009850.100697