
Arquitectura: _2_3_3_3_1_
Semilla: 1764696508
Segundos: 248
NIteraciones: 500000

Costo_train: 0.131543
Precision_train: 0.836707
Recall_train: 0.775970
F1_train: 0.805195

Costo_test: 0.127216
Precision_test: 0.854749
Recall_test: 0.761194
F1_test: 0.805263
 
Paso: 1.000000
Gamma: 0.300000
Parada: 0.100000
Iteraciones: 500000
CapasDesde: 3
CapasHasta: 4
Repeticiones: 5
Intervalo: 10000
MultiplicadorProfunda: 0.700000
Tarjeta: NVIDIA GeForce GTX 950M

Costos:
0.2274900.2269850.2270390.2269860.2269460.2269130.2268820.2268530.2268230.2267910.2267540.2267060.2266370.2068580.1763610.1557750.1518540.1503830.1497590.1493330.1490000.1487140.1484430.1481440.1476680.1431600.1396190.1392210.1370510.1314260.1306810.1296640.1287940.1291850.1282280.1288100.1278010.1306950.1276810.1280080.1328270.1277730.1272590.1329640.1270470.1261660.1343870.1274630.129106