
Arquitectura: _2_3_3_3_1_
Semilla: 1764738977
Segundos: 196
NIteraciones: 1000000

Costo_train: 0.177284
Precision_train: 0.757962
Recall_train: 0.595745
F1_train: 0.667134

Costo_test: 0.195777
Precision_test: 0.731707
Recall_test: 0.597015
F1_test: 0.657534
 
Paso: 0.200000
Gamma: 0.000000
Parada: 0.100000
Iteraciones: 1000000
CapasDesde: 2
CapasHasta: 3
Repeticiones: 5
Intervalo: 10000
MultiplicadorProfunda: 0.700000
Tarjeta: NVIDIA GeForce RTX 3090 Ti

Costos:
0.2329820.2294350.2271290.2254110.2233970.2215820.2201520.2190480.2209230.2203400.2192940.2178290.2160930.2146920.2133880.2119840.2096120.2069810.2051640.2039790.2031050.2023660.2017060.2010890.2004650.1997930.1990570.1982880.1975340.1968320.1961940.1956230.1951110.1946510.1942360.1938600.1935190.1932060.1929200.1926550.1924110.1922000.1921070.1919760.1918410.1917060.1915720.1914410.1913120.1911870.1910670.1909470.1908300.1907160.1906040.1904930.1903820.1902720.1901600.1900440.1899220.1897880.1896310.1894180.1890230.1873550.1842640.1831180.1827140.1824690.1818740.1824010.1830390.1812960.1812390.1846950.1853930.1855740.1807910.1850610.1810620.1806090.1810120.1801790.1800480.1797710.1807570.1791460.1880870.1785320.1783910.1777330.1773750.1771170.1768990.1761960.1760760.1759210.175805