
Arquitectura: _2_3_3_1_
Semilla: 1764737054
Segundos: 142
NIteraciones: 1000000

Costo_train: 0.165127
Precision_train: 0.730721
Recall_train: 0.723404
F1_train: 0.727044

Costo_test: 0.167284
Precision_test: 0.771739
Recall_test: 0.706468
F1_test: 0.737662
 
Paso: 0.200000
Gamma: 0.000000
Parada: 0.100000
Iteraciones: 1000000
CapasDesde: 2
CapasHasta: 3
Repeticiones: 5
Intervalo: 10000
MultiplicadorProfunda: 0.700000
Tarjeta: NVIDIA GeForce RTX 3090 Ti

Costos:
0.2282840.2230350.2210490.2203710.2200280.2198150.2196650.2195530.2194640.2193910.2193300.2192760.2192300.2191890.2191520.2191190.2190880.2190590.2190330.2190080.2189850.2189630.2189410.2191020.2190690.2190360.2189990.2189630.2189240.2188840.2188410.2188010.2187610.2187370.2187150.2186900.2186640.2186350.2186010.2185610.2185090.2184340.2183090.2180370.2172020.2150220.2129220.2108670.2090390.2060270.2008920.1982640.1959920.1927750.1899110.1849540.1792770.1752500.1725960.1708630.1697660.1691160.1686640.1683060.1680090.1677570.1675380.1673450.1671740.1670210.1668810.1667550.1666390.1665330.1664340.1663420.1662570.1661780.1661030.1660310.1659650.1659020.1658430.1657860.1657310.1656790.1656290.1655820.1655370.1654930.1654500.1654090.1653700.1653320.1652960.1652600.1652260.1651920.165159