
Arquitectura: _2_3_3_3_1_
Semilla: 1764739434
Segundos: 194
NIteraciones: 1000000

Costo_train: 0.226655
Precision_train: 0.615681
Recall_train: 0.599499
F1_train: 0.607482

Costo_test: 0.224027
Precision_test: 0.623711
Recall_test: 0.601990
F1_test: 0.612658
 
Paso: 0.200000
Gamma: 0.000000
Parada: 0.100000
Iteraciones: 1000000
CapasDesde: 2
CapasHasta: 3
Repeticiones: 5
Intervalo: 10000
MultiplicadorProfunda: 0.700000
Tarjeta: NVIDIA GeForce RTX 3090 Ti

Costos:
0.2435060.2327610.2309600.2294380.2281640.2277170.2274840.2273390.2272390.2271650.2271070.2270610.2270240.2269920.2269650.2269410.2269200.2269020.2268860.2268710.2268570.2268460.2268340.2268240.2268140.2268060.2267980.2267900.2267830.2267760.2267700.2267650.2267590.2267530.2267490.2267440.2267390.2267350.2267310.2267270.2267230.2267190.2267160.2267130.2267100.2267070.2267030.2267000.2266980.2266950.2266930.2266900.2266880.2266850.2266830.2266810.2266790.2266770.2266750.2266740.2266710.2266700.2266680.2266660.2266640.2266620.2266610.2266590.2266580.2266560.2266540.2266530.2266510.2266500.2266490.2266480.2266470.2266450.2266440.2266430.2266420.2266410.2266400.2266390.2266380.2266370.2266360.2266350.2266620.2266640.2266640.2266630.2266620.2266610.2266610.2266600.2266580.2266570.226656