
Arquitectura: _2_3_3_1_
Semilla: 1764737903
Segundos: 142
NIteraciones: 1000000

Costo_train: 0.162601
Precision_train: 0.814815
Recall_train: 0.633292
F1_train: 0.712676

Costo_test: 0.187974
Precision_test: 0.729032
Recall_test: 0.562189
F1_test: 0.634831
 
Paso: 0.200000
Gamma: 0.000000
Parada: 0.100000
Iteraciones: 1000000
CapasDesde: 2
CapasHasta: 3
Repeticiones: 5
Intervalo: 10000
MultiplicadorProfunda: 0.700000
Tarjeta: NVIDIA GeForce RTX 3090 Ti

Costos:
0.2282970.2221970.2205560.2200180.2197380.2195590.2194300.2193310.2192510.2191840.2191260.2190760.2190310.2189900.2189520.2189160.2188830.2188510.2188200.2187900.2189360.2188980.2188510.2188010.2187490.2186920.2186350.2185760.2185170.2184750.2184320.2183850.2183350.2182780.2182150.2181440.2180610.2179610.2178380.2176690.2173950.2167740.2150390.2129300.2115260.2103070.2088990.2073260.2057680.2041300.2020330.1994400.1960130.1931460.1911180.1861940.1845060.1836410.1829980.1824630.1819910.1815590.1811530.1807720.1804120.1800740.1797520.1794450.1791510.1788700.1785980.1783380.1780880.1778470.1776130.1773890.1771710.1769580.1767510.1765480.1763460.1761380.1759120.1756240.1747720.1710240.1685880.1670720.1660830.1653900.1648680.1644520.1641080.1638130.1635550.1633240.1631180.1629300.162758