
Arquitectura: _2_3_3_1_
Semilla: 1764738593
Segundos: 144
NIteraciones: 1000000

Costo_train: 0.198218
Precision_train: 0.627698
Recall_train: 0.873592
F1_train: 0.730508

Costo_test: 0.209334
Precision_test: 0.609589
Recall_test: 0.885572
F1_test: 0.722110
 
Paso: 0.200000
Gamma: 0.000000
Parada: 0.100000
Iteraciones: 1000000
CapasDesde: 2
CapasHasta: 3
Repeticiones: 5
Intervalo: 10000
MultiplicadorProfunda: 0.700000
Tarjeta: NVIDIA GeForce RTX 3090 Ti

Costos:
0.2264670.2215610.2195230.2186520.2181530.2178110.2175480.2173280.2171350.2169530.2167750.2168260.2165410.2161980.2159130.2156020.2152250.2147470.2141220.2134420.2127980.2123780.2119060.2114040.2108820.2103540.2098430.2093640.2089180.2084990.2081030.2077310.2074000.2071140.2068680.2066470.2064480.2062670.2061020.2059500.2058090.2056770.2055530.2054360.2053270.2052160.2051150.2050190.2049210.2048270.2047360.2046440.2045550.2044640.2043750.2042870.2041980.2041110.2040210.2039310.2038410.2037500.2036580.2035650.2034710.2033750.2032770.2031780.2030770.2029740.2028690.2027620.2026520.2025400.2024270.2023090.2021890.2020660.2019380.2017920.2015910.2012450.2008230.2005420.2003670.2002280.2001010.1999760.1998450.1997100.1995670.1994130.1992480.1990720.1988850.1987280.1986290.1985120.198372