
Arquitectura: _2_3_3_1_
Semilla: 1764737678
Segundos: 141
NIteraciones: 1000000

Costo_train: 0.146140
Precision_train: 0.774314
Recall_train: 0.777222
F1_train: 0.775765

Costo_test: 0.163122
Precision_test: 0.741294
Recall_test: 0.741294
F1_test: 0.741294
 
Paso: 0.200000
Gamma: 0.000000
Parada: 0.100000
Iteraciones: 1000000
CapasDesde: 2
CapasHasta: 3
Repeticiones: 5
Intervalo: 10000
MultiplicadorProfunda: 0.700000
Tarjeta: NVIDIA GeForce RTX 3090 Ti

Costos:
0.2298140.2267250.2250200.2230550.2215420.2203940.2207750.2211090.2203350.2187760.2172770.2154550.2136300.2121130.2107180.2091520.2067650.2025030.1988900.1966330.1950240.1935300.1909620.1847270.1755090.1711500.1692010.1679670.1669590.1660430.1652820.1646540.1641370.1637060.1633400.1630240.1627470.1624990.1622760.1620740.1618880.1617150.1615560.1614070.1612690.1611380.1610160.1609020.1607930.1606890.1605900.1604990.1604120.1603290.1602490.1601730.1601000.1600310.1599630.1598980.1598340.1597720.1597100.1596460.1595750.1594370.1584440.1568250.1520700.1502290.1495000.1490790.1487770.1485340.1483250.1481380.1479680.1478140.1476730.1475430.1474210.1473100.1472060.1471110.1470220.1469390.1468610.1467880.1467190.1466530.1465900.1465300.1464740.1464210.1463700.1463210.1462730.1462270.146183