
Arquitectura: _2_3_3_3_1_
Semilla: 1764738756
Segundos: 197
NIteraciones: 1000000

Costo_train: 0.160378
Precision_train: 0.772152
Recall_train: 0.763454
F1_train: 0.767779

Costo_test: 0.187432
Precision_test: 0.707317
Recall_test: 0.721393
F1_test: 0.714286
 
Paso: 0.200000
Gamma: 0.000000
Parada: 0.100000
Iteraciones: 1000000
CapasDesde: 2
CapasHasta: 3
Repeticiones: 5
Intervalo: 10000
MultiplicadorProfunda: 0.700000
Tarjeta: NVIDIA GeForce RTX 3090 Ti

Costos:
0.2356260.2303930.2266120.2224350.2209850.2203930.2200550.2198300.2196650.2195370.2194330.2193470.2192720.2192080.2191500.2190980.2190510.2190060.2189650.2189260.2188880.2188520.2188170.2189480.2188960.2188570.2188170.2187710.2187240.2186760.2186260.2185730.2185180.2184570.2183960.2183290.2182750.2182180.2181570.2180900.2180160.2179350.2178440.2177450.2176330.2175090.2173700.2172170.2170490.2168650.2166660.2164510.2162200.2159750.2157140.2154360.2151360.2148020.2143960.2138230.2129170.2116540.2102670.2089000.2075490.2061380.2045190.2024600.2002190.1980230.1958430.1937530.1915670.1884240.1764820.1705760.1679780.1662990.1651740.1644040.1638570.1634420.1631040.1628200.1625750.1623620.1621700.1619950.1618320.1616790.1615340.1613950.1612620.1611310.1610030.1608760.1607510.1606260.160502