
Arquitectura: _2_3_3_3_1_
Semilla: 1764696863
Segundos: 238
NIteraciones: 480000

Costo_train: 0.091421
Precision_train: 0.892231
Recall_train: 0.891114
F1_train: 0.891672

Costo_test: 0.096308
Precision_test: 0.864322
Recall_test: 0.855721
F1_test: 0.860000
 
Paso: 1.000000
Gamma: 0.300000
Parada: 0.100000
Iteraciones: 500000
CapasDesde: 3
CapasHasta: 4
Repeticiones: 5
Intervalo: 10000
MultiplicadorProfunda: 0.700000
Tarjeta: NVIDIA GeForce GTX 950M

Costos:
0.2272670.2269410.2270280.2269820.2269470.2269180.2268930.2268710.2268510.2268310.2265750.1980790.1472050.1184660.2075290.2050650.2044500.2029100.2180130.2082450.2064100.2035450.1720260.1877720.1680260.1547850.1501170.1375620.1361000.1377730.1325910.1308340.1301570.1284180.1333230.1335480.1268230.1282380.1407260.1253910.1246410.1505490.1202570.1205820.1251310.1182600.1119170.091421