
Arquitectura: _2_3_3_3_1_
Semilla: 1764695441
Segundos: 248
NIteraciones: 500000

Costo_train: 0.132519
Precision_train: 0.813713
Recall_train: 0.787234
F1_train: 0.800254

Costo_test: 0.127655
Precision_test: 0.806283
Recall_test: 0.766169
F1_test: 0.785714
 
Paso: 1.000000
Gamma: 0.300000
Parada: 0.100000
Iteraciones: 500000
CapasDesde: 3
CapasHasta: 4
Repeticiones: 5
Intervalo: 10000
MultiplicadorProfunda: 0.700000
Tarjeta: NVIDIA GeForce GTX 950M

Costos:
0.2276240.2271210.2271540.2270930.2270490.2270120.2269820.2269560.2269330.2269130.2268940.2268760.2268570.2268380.2267520.2091830.1926800.1739070.1667910.1540620.1516960.1505750.1499040.1494450.1491020.1488300.1486030.1484090.1482370.1480790.1479310.1477860.1476430.1474990.1473510.1472010.1470460.1468860.1467250.1465760.1464400.1463160.1462000.1460890.1459790.1458590.1457100.1455060.139236