
Arquitectura: _2_3_3_3_3_1_
Semilla: 1764698348
Segundos: 320
NIteraciones: 500000

Costo_train: 0.100760
Precision_train: 0.849102
Recall_train: 0.887359
F1_train: 0.867809

Costo_test: 0.114293
Precision_test: 0.833333
Recall_test: 0.870647
F1_test: 0.851582
 
Paso: 1.000000
Gamma: 0.300000
Parada: 0.100000
Iteraciones: 500000
CapasDesde: 3
CapasHasta: 4
Repeticiones: 5
Intervalo: 10000
MultiplicadorProfunda: 0.700000
Tarjeta: NVIDIA GeForce GTX 950M

Costos:
0.2499430.2423570.2275820.2270820.2269220.2268400.2269040.2268740.2268510.2268310.2268130.2211240.2095980.1985460.1904070.1730140.1535570.1514130.1463110.1410220.1402900.1399720.1397330.1395500.1394020.1392800.1391750.1390840.1390040.1389330.1388680.1388100.1387580.1387080.1386650.1386380.1358430.1119800.1088330.1064470.1049580.1039870.1032920.1027620.1023420.1019970.1017090.1014580.101228