
Arquitectura: _2_3_3_3_3_1_
Semilla: 1764697923
Segundos: 318
NIteraciones: 500000

Costo_train: 0.108765
Precision_train: 0.913313
Recall_train: 0.738423
F1_train: 0.816609

Costo_test: 0.120842
Precision_test: 0.877301
Recall_test: 0.711443
F1_test: 0.785714
 
Paso: 1.000000
Gamma: 0.300000
Parada: 0.100000
Iteraciones: 500000
CapasDesde: 3
CapasHasta: 4
Repeticiones: 5
Intervalo: 10000
MultiplicadorProfunda: 0.700000
Tarjeta: NVIDIA GeForce GTX 950M

Costos:
0.2499940.2499710.2496130.2280470.2271670.2269640.2270440.2270000.2269650.2269370.2269130.2268920.2268730.2268560.2268400.2268260.2268120.2268000.2267870.2267760.2172600.2036600.1943400.1856900.1584610.1300770.1137120.1131770.1124190.1118830.1114880.1111790.1108980.1110070.1103560.1101550.1105490.1099390.1101160.1100280.1101800.1090770.1094380.1085940.1098820.1097460.1096540.1095470.108329