
Arquitectura: _2_3_3_3_1_
Semilla: 1764695796
Segundos: 249
NIteraciones: 500000

Costo_train: 0.174602
Precision_train: 0.703841
Recall_train: 0.710889
F1_train: 0.707347

Costo_test: 0.200669
Precision_test: 0.657534
Recall_test: 0.716418
F1_test: 0.685714
 
Paso: 1.000000
Gamma: 0.300000
Parada: 0.100000
Iteraciones: 500000
CapasDesde: 3
CapasHasta: 4
Repeticiones: 5
Intervalo: 10000
MultiplicadorProfunda: 0.700000
Tarjeta: NVIDIA GeForce GTX 950M

Costos:
0.2274970.2269630.2268290.2269120.2268800.2268550.2268320.2268010.2097350.1945800.1884080.1719830.1577530.1465700.1387190.1131400.1610050.1542860.1536900.1546160.1514370.1502470.1481500.1481920.1482560.1490730.1520710.1485900.1479370.1546610.1504290.1478570.1755160.1463580.1681400.1444160.1035850.1023480.1019610.1015020.2089850.1810790.1787360.1775980.1766380.1756930.1752090.1748610.174607