
Arquitectura: _2_3_3_3_1_
Semilla: 1764739648
Segundos: 195
NIteraciones: 1000000

Costo_train: 0.159055
Precision_train: 0.812147
Recall_train: 0.719650
F1_train: 0.763106

Costo_test: 0.181730
Precision_test: 0.747059
Recall_test: 0.631841
F1_test: 0.684636
 
Paso: 0.200000
Gamma: 0.000000
Parada: 0.100000
Iteraciones: 1000000
CapasDesde: 2
CapasHasta: 3
Repeticiones: 5
Intervalo: 10000
MultiplicadorProfunda: 0.700000
Tarjeta: NVIDIA GeForce RTX 3090 Ti

Costos:
0.2359090.2291670.2240420.2215070.2206750.2202460.2199770.2197880.2196470.2195360.2194450.2193700.2193050.2192480.2191980.2191520.2191100.2190720.2190360.2190020.2189700.2189390.2190940.2190610.2190290.2189960.2189590.2189230.2188880.2188470.2188100.2187680.2187240.2186820.2186330.2185870.2185360.2184800.2184330.2183890.2183410.2182890.2182310.2181660.2180940.2180120.2179180.2178100.2176860.2175440.2173810.2171980.2169920.2167610.2164990.2161950.2158250.2153230.2145380.2133190.2117610.2098980.2072430.2026710.1973180.1931770.1906990.1892220.1882150.1874240.1867430.1861280.1855510.1849880.1843960.1836910.1827040.1807560.1767160.1724670.1690090.1668270.1654620.1645140.1637950.1632170.1627400.1623370.1619880.1618770.1617390.1615790.1614150.1612510.1610860.1609160.1607430.1603660.159662