
Arquitectura: _2_3_3_3_3_1_
Semilla: 1764740051
Segundos: 252
NIteraciones: 1000000

Costo_train: 0.226678
Precision_train: 0.616774
Recall_train: 0.598248
F1_train: 0.607370

Costo_test: 0.224081
Precision_test: 0.630208
Recall_test: 0.601990
F1_test: 0.615776
 
Paso: 0.200000
Gamma: 0.000000
Parada: 0.100000
Iteraciones: 1000000
CapasDesde: 4
CapasHasta: 4
Repeticiones: 5
Intervalo: 10000
MultiplicadorProfunda: 0.700000
Tarjeta: NVIDIA GeForce RTX 3090 Ti

Costos:
0.2472610.2363740.2321120.2308800.2296420.2286430.2281440.2278460.2276480.2275070.2274020.2273190.2272520.2271980.2271520.2271120.2270790.2270490.2270230.2270000.2269790.2269600.2269430.2269280.2269130.2269000.2268880.2268770.2268660.2268570.2268470.2268390.2268300.2268230.2268160.2268090.2268020.2267970.2267910.2267850.2267800.2267750.2267700.2267650.2267610.2267560.2267520.2267480.2267450.2267410.2267370.2267340.2267310.2267280.2267250.2267220.2267200.2267170.2267140.2267110.2267090.2267070.2267040.2267020.2266990.2266970.2266950.2266930.2266910.2266880.2266870.2266850.2266830.2266810.2266800.2266780.2266760.2266750.2266740.2266720.2266700.2266690.2266680.2266660.2266650.2266630.2266620.2266610.2266600.2266580.2266570.2266560.2266550.2266540.2266520.2266510.2266820.2266810.226679