
Arquitectura: _2_3_3_3_1_
Semilla: 1764739223
Segundos: 193
NIteraciones: 1000000

Costo_train: 0.158289
Precision_train: 0.861204
Recall_train: 0.644556
F1_train: 0.737294

Costo_test: 0.156878
Precision_test: 0.832402
Recall_test: 0.741294
F1_test: 0.784211
 
Paso: 0.200000
Gamma: 0.000000
Parada: 0.100000
Iteraciones: 1000000
CapasDesde: 2
CapasHasta: 3
Repeticiones: 5
Intervalo: 10000
MultiplicadorProfunda: 0.700000
Tarjeta: NVIDIA GeForce RTX 3090 Ti

Costos:
0.2421910.2303030.2250480.2203180.2167950.2141810.2150010.2151650.2151230.2150610.2149950.2149280.2148630.2147990.2147350.2146710.2146040.2145340.2144580.2143750.2142840.2141820.2140670.2139380.2137900.2136180.2134180.2131790.2128890.2125240.2120430.2113590.2102920.2085160.2057560.2025410.1985140.1952570.1925980.1906310.1892840.1883220.1875670.1869040.1862630.1856290.1850530.1840480.1782340.1726740.1660680.1647670.1638620.1631660.1626170.1621710.1617980.1611220.1605200.1599670.1595430.1635260.1594850.1643740.1586280.1582730.1584700.1584290.1581100.1577750.1806550.1654710.1575110.1573830.1572740.1604060.1571300.1897140.1621850.1568670.1574300.1574430.1567480.1565430.1566030.1721570.1563810.1567820.1566430.1566420.1581450.1567860.1766820.1597090.1588670.1577350.1592290.1544270.154506