
Arquitectura: _2_3_3_1_
Semilla: 1764738128
Segundos: 142
NIteraciones: 1000000

Costo_train: 0.153301
Precision_train: 0.721489
Recall_train: 0.752190
F1_train: 0.736520

Costo_test: 0.151378
Precision_test: 0.733668
Recall_test: 0.726368
F1_test: 0.730000
 
Paso: 0.200000
Gamma: 0.000000
Parada: 0.100000
Iteraciones: 1000000
CapasDesde: 2
CapasHasta: 3
Repeticiones: 5
Intervalo: 10000
MultiplicadorProfunda: 0.700000
Tarjeta: NVIDIA GeForce RTX 3090 Ti

Costos:
0.2267100.2218170.2205460.2200590.2197930.2196190.2194950.2194010.2193250.2192620.2192090.2191640.2191230.2190880.2190560.2190260.2190000.2189750.2191960.2191730.2191450.2191180.2190910.2190610.2190300.2189960.2189610.2189240.2188880.2188500.2188130.2187740.2187370.2187170.2186970.2186760.2186530.2186280.2185980.2185610.2185120.2184350.2182950.2179480.2167920.2146330.2131050.2119440.2111320.2087080.2045910.2021140.1995380.1969990.1949180.1929360.1910110.1893850.1876730.1857580.1833740.1807890.1780270.1752500.1729140.1713190.1702570.1694900.1688960.1684160.1680160.1676790.1673920.1671440.1669260.1667300.1665510.1663780.1662050.1660150.1657770.1653790.1640620.1596150.1584190.1576850.1571130.1566370.1562190.1558420.1554980.1551800.1548850.1546100.1543530.1541140.1538900.1536800.153484