
Arquitectura: _2_3_3_3_3_1_
Semilla: 1764740319
Segundos: 250
NIteraciones: 1000000

Costo_train: 0.226667
Precision_train: 0.617076
Recall_train: 0.596996
F1_train: 0.606870

Costo_test: 0.224202
Precision_test: 0.629442
Recall_test: 0.616915
F1_test: 0.623116
 
Paso: 0.200000
Gamma: 0.000000
Parada: 0.100000
Iteraciones: 1000000
CapasDesde: 4
CapasHasta: 4
Repeticiones: 5
Intervalo: 10000
MultiplicadorProfunda: 0.700000
Tarjeta: NVIDIA GeForce RTX 3090 Ti

Costos:
0.2498620.2497040.2493020.2477250.2369590.2324160.2308790.2292770.2285050.2280910.2278340.2276590.2275310.2274330.2273540.2272910.2272380.2271930.2271540.2271200.2270910.2270650.2270410.2270200.2270010.2269830.2269670.2269520.2269380.2269260.2269140.2269020.2268920.2268830.2268730.2268650.2268570.2268490.2268420.2268350.2268290.2268220.2268160.2268100.2268050.2268000.2267950.2267900.2267860.2267810.2267770.2267730.2267690.2267650.2267610.2267580.2267540.2267510.2267470.2267440.2267420.2267390.2267360.2267330.2267310.2267280.2267250.2267230.2267210.2267180.2267160.2267140.2267120.2267090.2267070.2267050.2267030.2267010.2266990.2266970.2266950.2266930.2266920.2266900.2266890.2266870.2266850.2266840.2266830.2266810.2266800.2266780.2266770.2266750.2266740.2266730.2266710.2266700.226669