
Arquitectura: _2_3_3_1_
Semilla: 1764738359
Segundos: 144
NIteraciones: 1000000

Costo_train: 0.177568
Precision_train: 0.737047
Recall_train: 0.712140
F1_train: 0.724379

Costo_test: 0.178128
Precision_test: 0.776536
Recall_test: 0.691542
F1_test: 0.731579
 
Paso: 0.200000
Gamma: 0.000000
Parada: 0.100000
Iteraciones: 1000000
CapasDesde: 2
CapasHasta: 3
Repeticiones: 5
Intervalo: 10000
MultiplicadorProfunda: 0.700000
Tarjeta: NVIDIA GeForce RTX 3090 Ti

Costos:
0.2305360.2279280.2274380.2272310.2271120.2270340.2269770.2269340.2269000.2268720.2268490.2268290.2268120.2267970.2267840.2267720.2267610.2267520.2267430.2267360.2267280.2267210.2267150.2267090.2267040.2266990.2266940.2266900.2266850.2266810.2266770.2266740.2266710.2266680.2266640.2266610.2266590.2266560.2266530.2266510.2266480.2266460.2266440.2266410.2266400.2266370.2266350.2266340.2266310.2266300.2266280.2266260.2266240.2266230.2266210.2266200.2266180.2266170.2266150.2266140.2266120.2266110.2266100.2266080.2266070.2266060.2266040.2266030.2266010.2266000.2265980.2265970.2265950.2265940.2265920.2265900.2265890.2265870.2265850.2265830.2265800.2265780.2265710.2157320.2135390.2101040.2068350.2036290.2002870.1970870.1942810.1918660.1899030.1882730.1868750.1856260.1844370.1831500.181147