
Arquitectura: _2_6_1_
Semilla: 1764738270
Segundos: 89
NIteraciones: 1000000

Costo_train: 0.167393
Precision_train: 0.724400
Recall_train: 0.717146
F1_train: 0.720755

Costo_test: 0.190536
Precision_test: 0.684932
Recall_test: 0.746269
F1_test: 0.714286
 
Paso: 0.200000
Gamma: 0.000000
Parada: 0.100000
Iteraciones: 1000000
CapasDesde: 2
CapasHasta: 3
Repeticiones: 5
Intervalo: 10000
MultiplicadorProfunda: 0.700000
Tarjeta: NVIDIA GeForce RTX 3090 Ti

Costos:
0.2192420.2161630.2143490.2130650.2120210.2111970.2121370.2102100.2084600.2006900.1935780.1890030.1860200.1839820.1825100.1814120.1805550.1798630.1792910.1788080.1783950.1780350.1777200.1774410.1771920.1769670.1767630.1765780.1764070.1762500.1761040.1759680.1758400.1757180.1755890.1753370.1748120.1732600.1726200.1722310.1719870.1717940.1716220.1714530.1712830.1711060.1709180.1707020.1704400.1701260.1698140.1695620.1693580.1691790.1690160.1688650.1687250.1685940.1684700.1683500.1682350.1681260.1680220.1679240.1678300.1677380.1676480.1675630.1674800.1674000.1673210.1672440.1671700.1670970.1670280.1669630.1669000.1668380.1668610.1668890.1669100.1669280.1669420.1669520.1669610.1669690.1669720.1669760.1669780.1669800.1669800.1669810.1669790.1669770.1669740.1669720.1669670.1669610.166957