
Arquitectura: _2_6_1_
Semilla: 1764738503
Segundos: 90
NIteraciones: 1000000

Costo_train: 0.167771
Precision_train: 0.723135
Recall_train: 0.715895
F1_train: 0.719497

Costo_test: 0.191040
Precision_test: 0.684932
Recall_test: 0.746269
F1_test: 0.714286
 
Paso: 0.200000
Gamma: 0.000000
Parada: 0.100000
Iteraciones: 1000000
CapasDesde: 2
CapasHasta: 3
Repeticiones: 5
Intervalo: 10000
MultiplicadorProfunda: 0.700000
Tarjeta: NVIDIA GeForce RTX 3090 Ti

Costos:
0.2208440.2162910.2142240.2129200.2118210.2096410.2014750.1939460.1887230.1853500.1829420.1805130.1790440.1779120.1769840.1761900.1754950.1748770.1743230.1738240.1733690.1729550.1725740.1722220.1718960.1715930.1713110.1710470.1708000.1705680.1703480.1701400.1699450.1697610.1695830.1694160.1692590.1691080.1689610.1688210.1686900.1685640.1684430.1683230.1682100.1681020.1679990.1678980.1678010.1677060.1676840.1676970.1677010.1677000.1676960.1676880.1676770.1676630.1676480.1676340.1676190.1676020.1675850.1675670.1675490.1675330.1675150.1674970.1674800.1674610.1674420.1674230.1674050.1673890.1673730.1673580.1673420.1673250.1673090.1672940.1672780.1672630.1672470.1672320.1672170.1672020.1671860.1671710.1671550.1671410.1671270.1671140.1671010.1670880.1670760.1670630.1670510.1670380.167025