
Arquitectura: _2_6_1_
Semilla: 1764697101
Segundos: 107
NIteraciones: 500000

Costo_train: 0.122330
Precision_train: 0.976645
Recall_train: 0.575720
F1_train: 0.724409

Costo_test: 0.131150
Precision_test: 0.972477
Recall_test: 0.527363
F1_test: 0.683871
 
Paso: 1.000000
Gamma: 0.300000
Parada: 0.100000
Iteraciones: 500000
CapasDesde: 3
CapasHasta: 4
Repeticiones: 5
Intervalo: 10000
MultiplicadorProfunda: 0.700000
Tarjeta: NVIDIA GeForce GTX 950M

Costos:
0.2121810.1677790.1391120.1359740.1323800.1298800.1286200.1277830.1271620.1266710.1262680.1259320.1256460.1253990.1251840.1249940.1248250.1246740.1245360.1244110.1242950.1241550.1240250.1239040.1237910.1236860.1235870.1234950.1234090.1233280.1232520.1231800.1231130.1230470.1229860.1229280.1228720.1228190.1227690.1227200.1226730.1226290.1225870.1225460.1225070.1224680.1224300.1223950.122362