
Arquitectura: _2_6_1_
Semilla: 1764696756
Segundos: 107
NIteraciones: 500000

Costo_train: 0.115197
Precision_train: 0.891691
Recall_train: 0.752190
F1_train: 0.816022

Costo_test: 0.130329
Precision_test: 0.856287
Recall_test: 0.711443
F1_test: 0.777174
 
Paso: 1.000000
Gamma: 0.300000
Parada: 0.100000
Iteraciones: 500000
CapasDesde: 3
CapasHasta: 4
Repeticiones: 5
Intervalo: 10000
MultiplicadorProfunda: 0.700000
Tarjeta: NVIDIA GeForce GTX 950M

Costos:
0.2109030.1810470.1553830.1286530.1248530.1232690.1222440.1214780.1208580.1203360.1198870.1194990.1191590.1188560.1185840.1183380.1181140.1179090.1177200.1175460.1173850.1172360.1170970.1169680.1168470.1167340.1166280.1165280.1164330.1163440.1162600.1161780.1161030.1160310.1159610.1158940.1158310.1157710.1157120.1156560.1156030.1155510.1155010.1154520.1154060.1153620.1153190.1152780.115237