
Arquitectura: _2_6_1_
Semilla: 1764738045
Segundos: 83
NIteraciones: 1000000

Costo_train: 0.173388
Precision_train: 0.732412
Recall_train: 0.729662
F1_train: 0.731035

Costo_test: 0.189642
Precision_test: 0.681614
Recall_test: 0.756219
F1_test: 0.716981
 
Paso: 0.200000
Gamma: 0.000000
Parada: 0.100000
Iteraciones: 1000000
CapasDesde: 2
CapasHasta: 3
Repeticiones: 5
Intervalo: 10000
MultiplicadorProfunda: 0.700000
Tarjeta: NVIDIA GeForce RTX 3090 Ti

Costos:
0.2207840.2165840.2148100.2136710.2128390.2121840.2116330.2113610.2102690.2064020.2001970.1945690.1915530.1897380.1845610.1829630.1823060.1815610.1804220.1798700.1794110.1790130.1786630.1783510.1780720.1778200.1775890.1773790.1771860.1770060.1768410.1766860.1765420.1764080.1762820.1761630.1760520.1759460.1758460.1757510.1756620.1755770.1754950.1754170.1753440.1752720.1752020.1751370.1750740.1750140.1749560.1749000.1748450.1747910.1747380.1746880.1746400.1745930.1745490.1745060.1744640.1744230.1743830.1743430.1743030.1742650.1742270.1741910.1741560.1741230.1740910.1740600.1740290.1739990.1739700.1739410.1739120.1738840.1738560.1738290.1738010.1737750.1737480.1737220.1736970.1736720.1736470.1736240.1736030.1735820.1735610.1735410.1735210.1735010.1734810.1734620.1734430.1734240.173406