
Arquitectura: _2_6_1_
Semilla: 1764696400
Segundos: 108
NIteraciones: 500000

Costo_train: 0.146676
Precision_train: 0.824828
Recall_train: 0.748436
F1_train: 0.784777

Costo_test: 0.150304
Precision_test: 0.843023
Recall_test: 0.721393
F1_test: 0.777480
 
Paso: 1.000000
Gamma: 0.300000
Parada: 0.100000
Iteraciones: 500000
CapasDesde: 3
CapasHasta: 4
Repeticiones: 5
Intervalo: 10000
MultiplicadorProfunda: 0.700000
Tarjeta: NVIDIA GeForce GTX 950M

Costos:
0.2177390.1981290.1858500.1792310.1561840.1536870.1526150.1519300.1514070.1509680.1505820.1502410.1499390.1496700.1494320.1492200.1490290.1488570.1487010.1485590.1484290.1483100.1481990.1480970.1480020.1479130.1478300.1477520.1476780.1476090.1475430.1474820.1474220.1473660.1473120.1472610.1472120.1471650.1471190.1470760.1470340.1469940.1469550.1469170.1468800.1468450.1468110.1467770.146744