
Arquitectura: _2_6_1_
Semilla: 1764695334
Segundos: 107
NIteraciones: 500000

Costo_train: 0.170539
Precision_train: 0.730479
Recall_train: 0.725907
F1_train: 0.728186

Costo_test: 0.193510
Precision_test: 0.661905
Recall_test: 0.691542
F1_test: 0.676399
 
Paso: 1.000000
Gamma: 0.300000
Parada: 0.100000
Iteraciones: 500000
CapasDesde: 3
CapasHasta: 4
Repeticiones: 5
Intervalo: 10000
MultiplicadorProfunda: 0.700000
Tarjeta: NVIDIA GeForce GTX 950M

Costos:
0.2052830.1870450.1806570.1796730.1789900.1784800.1780720.1769670.1757280.1742620.1736070.1731180.1727890.1725310.1723170.1721340.1719740.1718310.1717030.1715870.1714810.1713840.1712930.1712100.1711320.1710600.1709920.1709290.1708690.1708570.1709110.1709400.1709530.1709520.1709430.1709290.1709100.1708890.1708670.1708430.1708200.1707940.1707710.1707480.1707250.1707020.1706800.1706590.170638