
Arquitectura: _2_6_1_
Semilla: 1764697323
Segundos: 107
NIteraciones: 500000

Costo_train: 0.136474
Precision_train: 1.000000
Recall_train: 0.588235
F1_train: 0.740741

Costo_test: 0.152754
Precision_test: 1.000000
Recall_test: 0.517413
F1_test: 0.681967
 
Paso: 1.000000
Gamma: 0.300000
Parada: 0.100000
Iteraciones: 500000
CapasDesde: 3
CapasHasta: 4
Repeticiones: 5
Intervalo: 10000
MultiplicadorProfunda: 0.700000
Tarjeta: NVIDIA GeForce GTX 950M

Costos:
0.2182080.2177970.2149090.1802420.1514440.1468690.1447390.1434190.1424850.1417750.1412080.1407410.1403480.1400100.1397160.1394560.1392240.1390160.1388280.1386570.1385000.1383560.1382230.1380990.1379840.1378750.1377730.1376770.1375890.1375050.1374260.1373510.1372800.1372140.1371510.1370910.1370320.1369770.1369250.1368760.1368290.1367830.1367380.1366960.1366550.1366170.1365800.1365440.136509