
Arquitectura: _2_6_1_
Semilla: 1764697569
Segundos: 108
NIteraciones: 500000

Costo_train: 0.123278
Precision_train: 0.837532
Recall_train: 0.832290
F1_train: 0.834903

Costo_test: 0.123665
Precision_test: 0.815000
Recall_test: 0.810945
F1_test: 0.812968
 
Paso: 1.000000
Gamma: 0.300000
Parada: 0.100000
Iteraciones: 500000
CapasDesde: 3
CapasHasta: 4
Repeticiones: 5
Intervalo: 10000
MultiplicadorProfunda: 0.700000
Tarjeta: NVIDIA GeForce GTX 950M

Costos:
0.2197140.2195590.2193130.2178110.1944760.1710080.1367660.1329150.1312040.1300970.1287930.1266070.1259340.1254360.1252530.1250650.1248890.1247280.1245800.1244470.1243250.1242130.1241110.1240160.1239290.1238480.1237720.1237020.1236370.1235750.1235170.1234620.1234100.1233610.1233150.1232710.1232290.1231890.1231500.1231140.1230790.1230450.1230130.1229830.1229530.1229250.1228970.1228710.122845