
Arquitectura: _2_6_1_
Semilla: 1764737819
Segundos: 84
NIteraciones: 1000000

Costo_train: 0.176376
Precision_train: 0.741615
Recall_train: 0.747184
F1_train: 0.744389

Costo_test: 0.196638
Precision_test: 0.661972
Recall_test: 0.701493
F1_test: 0.681159
 
Paso: 0.200000
Gamma: 0.000000
Parada: 0.100000
Iteraciones: 1000000
CapasDesde: 2
CapasHasta: 3
Repeticiones: 5
Intervalo: 10000
MultiplicadorProfunda: 0.700000
Tarjeta: NVIDIA GeForce RTX 3090 Ti

Costos:
0.2187010.2146600.2128890.2117360.2108770.2101930.2108800.2096790.2082560.2051800.2000820.1960510.1928590.1904500.1888360.1877510.1869620.1863410.1858150.1853270.1845160.1806150.1799560.1796310.1793880.1791820.1789980.1788320.1786810.1785400.1784080.1782850.1781680.1780590.1779550.1778560.1777620.1778170.1778660.1778640.1778410.1778030.1777450.1776600.1775460.1774610.1773990.1773200.1772630.1773320.1773850.1774080.1774140.1774130.1774070.1773990.1773900.1773750.1773630.1773500.1773370.1773210.1773050.1772910.1772750.1772640.1772460.1772330.1772190.1772050.1771890.1771690.1771590.1771380.1771180.1771050.1770900.1770700.1770510.1770320.1770210.1770040.1769860.1769690.1769520.1769350.1769180.1769010.1768840.1768670.1768500.1768320.1768150.1767970.1767790.1767610.1767450.1767290.176715