
Arquitectura: _2_6_1_
Semilla: 1764695689
Segundos: 107
NIteraciones: 500000

Costo_train: 0.125007
Precision_train: 0.752146
Recall_train: 0.877347
F1_train: 0.809936

Costo_test: 0.135454
Precision_test: 0.723140
Recall_test: 0.870647
F1_test: 0.790068
 
Paso: 1.000000
Gamma: 0.300000
Parada: 0.100000
Iteraciones: 500000
CapasDesde: 3
CapasHasta: 4
Repeticiones: 5
Intervalo: 10000
MultiplicadorProfunda: 0.700000
Tarjeta: NVIDIA GeForce GTX 950M

Costos:
0.2183550.1692160.1389800.1354770.1335050.1321600.1311630.1304740.1299530.1295360.1291860.1288730.1285890.1283330.1281040.1278970.1277080.1275340.1273720.1272210.1270810.1269500.1268290.1267150.1266080.1265080.1264130.1263230.1262380.1261560.1260760.1259980.1259220.1258480.1257760.1257070.1256420.1255790.1255180.1254610.1254060.1253540.1253040.1252560.1252100.1251660.1251240.1250840.125045