
Arquitectura: _2_6_1_
Semilla: 1764736963
Segundos: 91
NIteraciones: 1000000

Costo_train: 0.156446
Precision_train: 0.749153
Recall_train: 0.829787
F1_train: 0.787411

Costo_test: 0.172373
Precision_test: 0.720721
Recall_test: 0.796020
F1_test: 0.756501
 
Paso: 0.200000
Gamma: 0.000000
Parada: 0.100000
Iteraciones: 1000000
CapasDesde: 2
CapasHasta: 3
Repeticiones: 5
Intervalo: 10000
MultiplicadorProfunda: 0.700000
Tarjeta: NVIDIA GeForce RTX 3090 Ti

Costos:
0.2175330.2149020.2132100.2120400.2111640.2104730.2120450.2122730.2120280.2110270.2090920.2072970.2037270.1990910.1948590.1919620.1901920.1890420.1881820.1874370.1865910.1817760.1801330.1780950.1754790.1697960.1677680.1664450.1655120.1648220.1642760.1638160.1634110.1630470.1627110.1623980.1621020.1618230.1615560.1613050.1610670.1608450.1606390.1604460.1602650.1600980.1599410.1597920.1596500.1595200.1593960.1592770.1591650.1590580.1589560.1588570.1587610.1586680.1585800.1584960.1584170.1583390.1582640.1581900.1581180.1580490.1579820.1579160.1578530.1577910.1577300.1576700.1576110.1575530.1574980.1574460.1573950.1573440.1572940.1572470.1572000.1571540.1571090.1570640.1570190.1569750.1569310.1568880.1568470.1568070.1567680.1567290.1566900.1566530.1566160.1565810.1565460.1565120.156479