
Arquitectura: _2_6_1_
Semilla: 1764737592
Segundos: 86
NIteraciones: 1000000

Costo_train: 0.175532
Precision_train: 0.712999
Recall_train: 0.693367
F1_train: 0.703046

Costo_test: 0.194793
Precision_test: 0.676056
Recall_test: 0.716418
F1_test: 0.695652
 
Paso: 0.200000
Gamma: 0.000000
Parada: 0.100000
Iteraciones: 1000000
CapasDesde: 2
CapasHasta: 3
Repeticiones: 5
Intervalo: 10000
MultiplicadorProfunda: 0.700000
Tarjeta: NVIDIA GeForce RTX 3090 Ti

Costos:
0.2206430.2165530.2145100.2132590.2122950.2113250.2085980.2012080.1952130.1921970.1906720.1897670.1850440.1835560.1827840.1822020.1817280.1813250.1809720.1806590.1803760.1801180.1798820.1796650.1794640.1792780.1791050.1789430.1787920.1786490.1785130.1783850.1782630.1781480.1780390.1779350.1778350.1777410.1776500.1775630.1774790.1773970.1773190.1772450.1771720.1771000.1770310.1769650.1769000.1768360.1767730.1769120.1770120.1770520.1770630.1770630.1770440.1770160.1769390.1766950.1761050.1761910.1762650.1763000.1763150.1763190.1763120.1763050.1762920.1762810.1762610.1762440.1762280.1762150.1761930.1761700.1761470.1761270.1761070.1760870.1760650.1760480.1760300.1760140.1759940.1759730.1759510.1759300.1759080.1758880.1758680.1758470.1758260.1758060.1757850.1757640.1757440.1757260.175708