
Arquitectura: _2_6_1_
Semilla: 1764737196
Segundos: 88
NIteraciones: 1000000

Costo_train: 0.151254
Precision_train: 0.726348
Recall_train: 0.893617
F1_train: 0.801347

Costo_test: 0.176053
Precision_test: 0.690196
Recall_test: 0.875622
F1_test: 0.771930
 
Paso: 0.200000
Gamma: 0.000000
Parada: 0.100000
Iteraciones: 1000000
CapasDesde: 2
CapasHasta: 3
Repeticiones: 5
Intervalo: 10000
MultiplicadorProfunda: 0.700000
Tarjeta: NVIDIA GeForce RTX 3090 Ti

Costos:
0.2180470.2143970.2127290.2116220.2107930.2101350.2121170.2125980.2114820.2087680.2073180.2026750.1977110.1943050.1919220.1887330.1824540.1792940.1772290.1756910.1744630.1733920.1698840.1675060.1658810.1647390.1638770.1631800.1625860.1620660.1616090.1612090.1608550.1605390.1602510.1599780.1593550.1590220.1587130.1584100.1581450.1579050.1576770.1574650.1572610.1570660.1568810.1567020.1565270.1563550.1561920.1560330.1558760.1557240.1555740.1554270.1552820.1551410.1550040.1548680.1547330.1546000.1544690.1543410.1542190.1540990.1539810.1538650.1537570.1536500.1535460.1534430.1533430.1532430.1531450.1530470.1529500.1528520.1527540.1526560.1525570.1524610.1523690.1522820.1522020.1521250.1520510.1519790.1519090.1518400.1517730.1517070.1516430.1515830.1515240.1514680.1514130.1513590.151306