
Arquitectura: _2_6_1_
Semilla: 1764698241
Segundos: 107
NIteraciones: 500000

Costo_train: 0.109676
Precision_train: 0.785791
Recall_train: 0.913642
F1_train: 0.844907

Costo_test: 0.139495
Precision_test: 0.741935
Recall_test: 0.915423
F1_test: 0.819599
 
Paso: 1.000000
Gamma: 0.300000
Parada: 0.100000
Iteraciones: 500000
CapasDesde: 3
CapasHasta: 4
Repeticiones: 5
Intervalo: 10000
MultiplicadorProfunda: 0.700000
Tarjeta: NVIDIA GeForce GTX 950M

Costos:
0.2230200.1874670.1643860.1536230.1221240.1191660.1173340.1162260.1154480.1148620.1143970.1140150.1136890.1134050.1131510.1129200.1127040.1125030.1123130.1121370.1119750.1118240.1116860.1115550.1114300.1113180.1112100.1111090.1110160.1109290.1108490.1107690.1106940.1106250.1105600.1105000.1104400.1103830.1103290.1102780.1102300.1101830.1101370.1100940.1100520.1100130.1099750.1099420.109906