
Arquitectura: _2_6_1_
Semilla: 1764696045
Segundos: 107
NIteraciones: 500000

Costo_train: 0.101785
Precision_train: 0.922272
Recall_train: 0.772215
F1_train: 0.840599

Costo_test: 0.121581
Precision_test: 0.887574
Recall_test: 0.746269
F1_test: 0.810811
 
Paso: 1.000000
Gamma: 0.300000
Parada: 0.100000
Iteraciones: 500000
CapasDesde: 3
CapasHasta: 4
Repeticiones: 5
Intervalo: 10000
MultiplicadorProfunda: 0.700000
Tarjeta: NVIDIA GeForce GTX 950M

Costos:
0.2153790.1614700.1478120.1414550.1164140.1134070.1117050.1100160.1105640.1094720.1089020.1084660.1081020.1077880.1075160.1072770.1070690.1068920.1067570.1066630.1061730.1057920.1074070.1072690.1048500.1046450.1066930.1068150.1039200.1058000.1035270.1043720.1077150.1063640.1033450.1031240.1126330.1026810.1025960.1025060.1064050.1031210.1076890.1124710.1029310.1020970.1023820.1018910.101845