
Arquitectura: _2_6_1_
Semilla: 1764697816
Segundos: 107
NIteraciones: 500000

Costo_train: 0.136948
Precision_train: 0.753456
Recall_train: 0.818523
F1_train: 0.784643

Costo_test: 0.149425
Precision_test: 0.737557
Recall_test: 0.810945
F1_test: 0.772512
 
Paso: 1.000000
Gamma: 0.300000
Parada: 0.100000
Iteraciones: 500000
CapasDesde: 3
CapasHasta: 4
Repeticiones: 5
Intervalo: 10000
MultiplicadorProfunda: 0.700000
Tarjeta: NVIDIA GeForce GTX 950M

Costos:
0.2150310.1822880.1537230.1478430.1454130.1439890.1430200.1423050.1417480.1412970.1409220.1406040.1403300.1400890.1398770.1396860.1395140.1393570.1392110.1390750.1389470.1388250.1387100.1386010.1384970.1383990.1383050.1382170.1381320.1380510.1379740.1379000.1378290.1377610.1376960.1376340.1375730.1375130.1374570.1374040.1373520.1373010.1372520.1372030.1371580.1371130.1370700.1370280.136988