
Arquitectura: _2_9_1_
Semilla: 1764739173
Segundos: 50
NIteraciones: 550000

Costo_train: 0.099750
Precision_train: 0.901882
Recall_train: 0.839800
F1_train: 0.869734

Costo_test: 0.113237
Precision_test: 0.905028
Recall_test: 0.805970
F1_test: 0.852632
 
Paso: 0.200000
Gamma: 0.000000
Parada: 0.100000
Iteraciones: 1000000
CapasDesde: 2
CapasHasta: 3
Repeticiones: 5
Intervalo: 10000
MultiplicadorProfunda: 0.700000
Tarjeta: NVIDIA GeForce RTX 3090 Ti

Costos:
0.2173100.2141150.2121850.2107690.2093720.2059970.2007570.1951490.1875250.1778720.1703370.1558300.1484060.1440080.1404300.1347140.1294430.1264250.1244700.1227120.1211140.1194350.1178940.1173550.1172400.1169750.1167280.1165040.1162790.1160280.1157590.1154720.1151730.1148820.1145950.1143100.1140180.1137120.1133820.1129180.1120450.1118070.1112280.1092350.1072520.1060890.1049710.1039680.1030830.1023220.1016560.1011000.1005930.1001290.099750