
Arquitectura: _2_12_1_
Semilla: 1764927793
Segundos: 2
NIteraciones: 10000

Costo_train: 0.014571
Precision_train: 0.989899
Recall_train: 0.987406
F1_train: 0.988651

Costo_test: 0.012369
Precision_test: 0.995098
Recall_test: 0.985437
F1_test: 0.990244
 
Paso: 0.200000
Gamma: 0.000000
Parada: 0.100000
Iteraciones: 1000000
CapasDesde: 2
CapasHasta: 5
Repeticiones: 5
Intervalo: 10000
MultiplicadorProfunda: 0.700000
Tarjeta: NVIDIA GeForce RTX 3090 Ti

Costos:
0.014571