
Arquitectura: _2_12_1_
Semilla: 1764928259
Segundos: 2
NIteraciones: 10000

Costo_train: 0.007817
Precision_train: 0.997481
Recall_train: 0.997481
F1_train: 0.997481

Costo_test: 0.006455
Precision_test: 1.000000
Recall_test: 1.000000
F1_test: 1.000000
 
Paso: 0.200000
Gamma: 0.000000
Parada: 0.100000
Iteraciones: 1000000
CapasDesde: 2
CapasHasta: 5
Repeticiones: 5
Intervalo: 10000
MultiplicadorProfunda: 0.700000
Tarjeta: NVIDIA GeForce RTX 3090 Ti

Costos:
0.007817