
Arquitectura: _2_1_
Semilla: 1764687086
Segundos: 64
Iteraciones: 1000000

Costo_train: 0.249630
Precision_train: 0.402778
Recall_train: 0.328715
F1_train: 0.361997

Costo_test: 0.252306
Precision_test: 0.379121
Recall_test: 0.334951
F1_test: 0.355670

Costos:
0.2496300.2496300.2496300.2496300.2496300.2496300.2496300.2496300.2496300.2496300.2496300.2496300.2496300.2496300.2496300.2496300.2496300.2496300.2496300.2496300.2496300.2496300.2496300.2496300.2496300.2496300.2496300.2496300.2496300.2496300.2496300.2496300.2496300.2496300.2496300.2496300.2496300.2496300.2496300.2496300.2496300.2496300.2496300.2496300.2496300.2496300.2496300.2496300.2496300.2496300.2496300.2496300.2496300.2496300.2496300.2496300.2496300.2496300.2496300.2496300.2496300.2496300.2496300.2496300.2496300.2496300.2496300.2496300.2496300.2496300.2496300.2496300.2496300.2496300.2496300.2496300.2496300.2496300.2496300.2496300.2496300.2496300.2496300.2496300.2496300.2496300.2496300.2496300.2496300.2496300.2496300.2496300.2496300.2496300.2496300.2496300.2496300.2496300.249630