
Arquitectura: _2_3_3_3_3_1_
Semilla: 1764928261
Segundos: 185
NIteraciones: 330000

Costo_train: 0.016990
Precision_train: 0.987406
Recall_train: 0.987406
F1_train: 0.987406

Costo_test: 0.015170
Precision_test: 0.995098
Recall_test: 0.985437
F1_test: 0.990244
 
Paso: 0.200000
Gamma: 0.000000
Parada: 0.100000
Iteraciones: 1000000
CapasDesde: 2
CapasHasta: 5
Repeticiones: 5
Intervalo: 10000
MultiplicadorProfunda: 0.700000
Tarjeta: NVIDIA GeForce RTX 3090 Ti

Costos:
0.2499820.2499810.2499810.2499810.2499800.2499800.2499790.2499780.2499770.2499760.2499760.2499740.2499720.2499710.2499690.2499660.2499630.2499590.2499540.2499470.2499380.2499260.2499090.2498840.2498440.2497760.2496470.2493490.2484060.2420690.1869820.1747350.016990