
Arquitectura: _2_3_3_3_3_3_1_
Semilla: 1764928448
Segundos: 448
NIteraciones: 660000

Costo_train: 0.010194
Precision_train: 0.989912
Recall_train: 0.988665
F1_train: 0.989288

Costo_test: 0.009155
Precision_test: 0.995098
Recall_test: 0.985437
F1_test: 0.990244
 
Paso: 0.200000
Gamma: 0.000000
Parada: 0.100000
Iteraciones: 1000000
CapasDesde: 2
CapasHasta: 5
Repeticiones: 5
Intervalo: 10000
MultiplicadorProfunda: 0.700000
Tarjeta: NVIDIA GeForce RTX 3090 Ti

Costos:
0.2499910.2499910.2499900.2499900.2499890.2499890.2499880.2499870.2499870.2499860.2499860.2499850.2499840.2499840.2499840.2499830.2499820.2499820.2499810.2499800.2499790.2499780.2499780.2499770.2499760.2499750.2499740.2499730.2499720.2499700.2499690.2499680.2499660.2499650.2499630.2499610.2499590.2499560.2499530.2499500.2499470.2499430.2499390.2499340.2499280.2499230.2499150.2499070.2498970.2498860.2498720.2498550.2498340.2498070.2497740.2497290.2496680.2495820.2494540.2492480.2488790.2480980.2458610.2332570.1091680.010194