
Arquitectura: _2_3_3_3_3_1_
Semilla: 1764927795
Segundos: 206
NIteraciones: 390000

Costo_train: 0.034349
Precision_train: 0.997475
Recall_train: 0.994962
F1_train: 0.996217

Costo_test: 0.031824
Precision_test: 1.000000
Recall_test: 1.000000
F1_test: 1.000000
 
Paso: 0.200000
Gamma: 0.000000
Parada: 0.100000
Iteraciones: 1000000
CapasDesde: 2
CapasHasta: 5
Repeticiones: 5
Intervalo: 10000
MultiplicadorProfunda: 0.700000
Tarjeta: NVIDIA GeForce RTX 3090 Ti

Costos:
0.2500020.2499990.2499970.2499950.2499930.2499920.2499900.2499890.2499870.2499860.2499840.2499830.2499820.2499810.2499790.2499780.2499770.2499750.2499730.2499720.2499700.2499680.2499660.2499630.2499590.2499550.2499500.2499430.2499350.2499230.2499060.2498820.2498430.2497770.2496490.2493490.2483540.2406560.034349