
Arquitectura: _2_3_3_3_3_1_
Semilla: 1764928003
Segundos: 256
NIteraciones: 460000

Costo_train: 0.011963
Precision_train: 0.988651
Recall_train: 0.987406
F1_train: 0.988028

Costo_test: 0.010628
Precision_test: 0.995098
Recall_test: 0.985437
F1_test: 0.990244
 
Paso: 0.200000
Gamma: 0.000000
Parada: 0.100000
Iteraciones: 1000000
CapasDesde: 2
CapasHasta: 5
Repeticiones: 5
Intervalo: 10000
MultiplicadorProfunda: 0.700000
Tarjeta: NVIDIA GeForce RTX 3090 Ti

Costos:
0.2499930.2499920.2499910.2499900.2499900.2499890.2499880.2499880.2499870.2499860.2499860.2499850.2499840.2499830.2499830.2499820.2499810.2499800.2499800.2499780.2499770.2499760.2499750.2499740.2499730.2499710.2499690.2499680.2499650.2499620.2499590.2499550.2499500.2499430.2499350.2499240.2499080.2498840.2498450.2497780.2496420.2493050.2480260.2332150.1524420.011963