
Arquitectura: _2_6_1_
Semilla: 1764687083
Segundos: 3
Iteraciones: 10000

Costo_train: 0.011994
Precision_train: 0.991184
Recall_train: 0.991184
F1_train: 0.991184

Costo_test: 0.011610
Precision_test: 0.990338
Recall_test: 0.995146
F1_test: 0.992736

Costos:
0.011994