
Arquitectura: _2_6_1_
Semilla: 1764927330
Segundos: 4
NIteraciones: 10000

Costo_train: 0.017974
Precision_train: 0.988665
Recall_train: 0.988665
F1_train: 0.988665

Costo_test: 0.017387
Precision_test: 0.985507
Recall_test: 0.990291
F1_test: 0.987893
 
Paso: 0.200000
Gamma: 0.000000
Parada: 0.100000
Iteraciones: 1000000
CapasDesde: 2
CapasHasta: 5
Repeticiones: 5
Intervalo: 10000
MultiplicadorProfunda: 0.700000
Tarjeta: NVIDIA GeForce RTX 3090 Ti

Costos:
0.017974