
Arquitectura: _2_9_1_
Semilla: 1764927356
Segundos: 3
NIteraciones: 10000

Costo_train: 0.015552
Precision_train: 0.987390
Recall_train: 0.986146
F1_train: 0.986767

Costo_test: 0.013165
Precision_test: 0.995098
Recall_test: 0.985437
F1_test: 0.990244
 
Paso: 0.200000
Gamma: 0.000000
Parada: 0.100000
Iteraciones: 1000000
CapasDesde: 2
CapasHasta: 5
Repeticiones: 5
Intervalo: 10000
MultiplicadorProfunda: 0.700000
Tarjeta: NVIDIA GeForce RTX 3090 Ti

Costos:
0.015552