
Arquitectura: _2_3_3_1_
Semilla: 1764756931
Segundos: 19426
NIteraciones: 1000000

Costo_train: 0.214786
Precision_train: 0.567568
Recall_train: 0.077778
F1_train: 0.136808

Costo_test: 0.211793
Precision_test: 0.500000
Recall_test: 0.079365
F1_test: 0.136986
 
Paso: 0.200000
Gamma: 0.000000
Parada: 0.100000
Iteraciones: 1000000
CapasDesde: 2
CapasHasta: 5
Repeticiones: 5
Intervalo: 10000
MultiplicadorProfunda: 0.700000
Tarjeta: NVIDIA GeForce RTX 3090 Ti

Costos:
0.2234870.2234370.2234210.2234140.2234070.2234000.2233920.2233820.2233700.2233560.2233380.2233180.2232930.2232620.2232230.2231750.2231120.2230310.2229320.2228210.2227030.2225780.2224410.2222830.2220960.2218750.2216210.2213330.2210050.2206230.2201670.2196280.2190730.2186110.2182810.2180620.2179150.2178080.2177180.2176320.2175400.2174370.2173200.2171890.2170460.2169020.2167630.2166350.2165210.2164200.2163310.2162510.2161750.2161010.2160280.2159530.2158750.2157950.2157110.2156280.2155460.2154670.2153930.2153260.2152670.2152160.2151710.2151330.2151000.2150720.2150470.2150250.2150050.2149870.2149710.2149560.2149420.2149300.2149180.2149070.2148960.2148870.2148780.2148700.2148620.2148550.2148480.2148420.2148350.2148290.2148240.2148190.2148140.2148100.2148050.2148010.2147980.2147940.214790