
Arquitectura: _2_3_3_1_
Semilla: 1764780192
Segundos: 999
NIteraciones: 1000000

Costo_train: 0.214821
Precision_train: 0.560976
Recall_train: 0.085185
F1_train: 0.147910

Costo_test: 0.209817
Precision_test: 0.555556
Recall_test: 0.079365
F1_test: 0.138889
 
Paso: 0.200000
Gamma: 0.000000
Parada: 0.100000
Iteraciones: 1000000
CapasDesde: 2
CapasHasta: 5
Repeticiones: 5
Intervalo: 10000
MultiplicadorProfunda: 0.700000
Tarjeta: NVIDIA GeForce RTX 3090 Ti

Costos:
0.2236120.2234710.2234150.2233850.2233620.2233390.2233130.2232810.2232390.2231840.2231100.2230100.2228790.2227120.2225090.2222760.2220190.2217370.2214180.2210570.2206640.2202620.2198720.2195080.2191770.2188840.2186280.2184090.2182190.2180470.2178800.2177060.2175220.2173290.2171360.2169480.2167710.2166060.2164540.2163140.2161870.2160700.2159630.2158650.2157760.2156960.2156220.2155550.2154950.2154410.2153920.2153480.2153090.2152740.2152430.2152140.2151880.2151650.2151440.2151250.2151060.2150890.2150740.2150590.2150450.2150320.2150200.2150080.2149980.2149880.2149780.2149690.2149610.2149530.2149450.2149380.2149320.2149250.2149190.2149130.2149070.2149020.2148960.2148910.2148860.2148810.2148770.2148720.2148680.2148630.2148590.2148550.2148510.2148460.2148420.2148380.2148340.2148300.214825