
Arquitectura: _2_3_3_1_
Semilla: 1764755313
Segundos: 1013
NIteraciones: 1000000

Costo_train: 0.215042
Precision_train: 0.600000
Recall_train: 0.088889
F1_train: 0.154839

Costo_test: 0.210132
Precision_test: 0.500000
Recall_test: 0.087302
F1_test: 0.148649
 
Paso: 0.200000
Gamma: 0.000000
Parada: 0.100000
Iteraciones: 1000000
CapasDesde: 2
CapasHasta: 5
Repeticiones: 5
Intervalo: 10000
MultiplicadorProfunda: 0.700000
Tarjeta: NVIDIA GeForce RTX 3090 Ti

Costos:
0.2235290.2234590.2234070.2233710.2233410.2233100.2232740.2232300.2231770.2231130.2230380.2229500.2228480.2227270.2225800.2223900.2221290.2217720.2213290.2208230.2202750.2197210.2192230.2188260.2185370.2183340.2181930.2180910.2180120.2179490.2178940.2178440.2177980.2177530.2177090.2176670.2176260.2175850.2175450.2175060.2174660.2174270.2173870.2173460.2173050.2172620.2172180.2171720.2171230.2170720.2170180.2169620.2169020.2168420.2167810.2167180.2166570.2165980.2165400.2164840.2164310.2163800.2163310.2162840.2162390.2161940.2161510.2161080.2160650.2160220.2159790.2159340.2158890.2158410.2157930.2157430.2156920.2156400.2155860.2155320.2154770.2154240.2153740.2153260.2152830.2152450.2152120.2151840.2151600.2151390.2151230.2151080.2150950.2150850.2150750.2150680.2150600.2150540.215048