
Arquitectura: _2_3_3_1_
Semilla: 1764778588
Segundos: 997
NIteraciones: 1000000

Costo_train: 0.214997
Precision_train: 0.630769
Recall_train: 0.075926
F1_train: 0.135537

Costo_test: 0.209185
Precision_test: 0.500000
Recall_test: 0.071429
F1_test: 0.125000
 
Paso: 0.200000
Gamma: 0.000000
Parada: 0.100000
Iteraciones: 1000000
CapasDesde: 2
CapasHasta: 5
Repeticiones: 5
Intervalo: 10000
MultiplicadorProfunda: 0.700000
Tarjeta: NVIDIA GeForce RTX 3090 Ti

Costos:
0.2235950.2235200.2234580.2234180.2233950.2233770.2233610.2233430.2233230.2232990.2232710.2232350.2231910.2231360.2230690.2229890.2228980.2227980.2226910.2225780.2224530.2223050.2221170.2218730.2215800.2212690.2209670.2206720.2203750.2200680.2197450.2193950.2189980.2185660.2181810.2178930.2176860.2175260.2173840.2172400.2170920.2169390.2167880.2166430.2165090.2163870.2162780.2161820.2160960.2160200.2159520.2158920.2158370.2157870.2157410.2156980.2156600.2156230.2155890.2155560.2155260.2154980.2154710.2154460.2154220.2153990.2153780.2153580.2153390.2153200.2153020.2152860.2152700.2152550.2152400.2152260.2152130.2152000.2151870.2151750.2151630.2151520.2151410.2151310.2151210.2151110.2151010.2150920.2150830.2150740.2150660.2150580.2150500.2150420.2150340.2150260.2150190.2150120.215004