
Arquitectura: _2_3_3_1_
Semilla: 1764776978
Segundos: 1005
NIteraciones: 1000000

Costo_train: 0.214777
Precision_train: 0.578947
Recall_train: 0.081481
F1_train: 0.142857

Costo_test: 0.212774
Precision_test: 0.391304
Recall_test: 0.071429
F1_test: 0.120805
 
Paso: 0.200000
Gamma: 0.000000
Parada: 0.100000
Iteraciones: 1000000
CapasDesde: 2
CapasHasta: 5
Repeticiones: 5
Intervalo: 10000
MultiplicadorProfunda: 0.700000
Tarjeta: NVIDIA GeForce RTX 3090 Ti

Costos:
0.2237440.2236340.2235230.2234320.2233860.2233610.2233400.2233140.2232790.2232340.2231730.2230940.2229900.2228600.2226970.2224990.2222610.2219810.2216570.2212920.2208900.2204600.2200190.2195850.2191620.2187390.2183100.2178870.2174970.2171530.2168480.2165710.2163110.2160650.2158380.2156380.2154740.2153460.2152500.2151790.2151270.2150880.2150570.2150320.2150120.2149940.2149800.2149670.2149550.2149440.2149340.2149260.2149180.2149100.2149030.2148970.2148910.2148850.2148800.2148750.2148700.2148650.2148610.2148570.2148540.2148500.2148460.2148430.2148400.2148370.2148340.2148310.2148280.2148250.2148230.2148200.2148180.2148160.2148130.2148110.2148090.2148070.2148050.2148030.2148010.2147990.2147980.2147950.2147940.2147920.2147900.2147890.2147870.2147860.2147840.2147830.2147810.2147800.214778