
Arquitectura: _2_6_1_
Semilla: 1764756326
Segundos: 605
NIteraciones: 1000000

Costo_train: 0.210955
Precision_train: 0.557692
Recall_train: 0.107407
F1_train: 0.180124

Costo_test: 0.206665
Precision_test: 0.518519
Recall_test: 0.111111
F1_test: 0.183007
 
Paso: 0.200000
Gamma: 0.000000
Parada: 0.100000
Iteraciones: 1000000
CapasDesde: 2
CapasHasta: 5
Repeticiones: 5
Intervalo: 10000
MultiplicadorProfunda: 0.700000
Tarjeta: NVIDIA GeForce RTX 3090 Ti

Costos:
0.2233010.2231650.2229760.2226370.2221040.2214580.2207400.2199520.2190920.2180350.2168520.2158860.2152360.2148230.2145070.2141870.2139020.2137000.2135580.2134410.2133330.2132260.2131150.2129980.2128810.2127690.2126640.2125710.2124850.2124080.2123360.2122680.2122020.2121370.2120710.2120020.2119300.2118560.2117790.2117020.2116270.2115580.2114950.2114390.2113910.2113490.2113140.2112830.2112570.2112340.2112140.2111970.2111810.2111670.2111550.2111430.2111330.2111230.2111150.2111060.2110990.2110920.2110850.2110790.2110730.2110670.2110620.2110570.2110520.2110470.2110420.2110380.2110340.2110300.2110260.2110220.2110180.2110150.2110110.2110080.2110050.2110020.2109990.2109960.2109930.2109900.2109870.2109840.2109810.2109790.2109760.2109730.2109710.2109680.2109660.2109630.2109610.2109590.210957