
Arquitectura: _2_6_1_
Semilla: 1764777983
Segundos: 605
NIteraciones: 1000000

Costo_train: 0.210929
Precision_train: 0.581633
Recall_train: 0.105556
F1_train: 0.178683

Costo_test: 0.206233
Precision_test: 0.500000
Recall_test: 0.095238
F1_test: 0.160000
 
Paso: 0.200000
Gamma: 0.000000
Parada: 0.100000
Iteraciones: 1000000
CapasDesde: 2
CapasHasta: 5
Repeticiones: 5
Intervalo: 10000
MultiplicadorProfunda: 0.700000
Tarjeta: NVIDIA GeForce RTX 3090 Ti

Costos:
0.2233510.2231850.2229250.2224780.2218810.2212380.2205740.2199600.2194550.2190240.2184960.2174860.2163350.2156050.2151680.2148870.2146850.2145200.2143750.2142430.2141180.2139970.2138750.2137530.2136320.2135150.2133990.2132850.2131710.2130580.2129460.2128360.2127300.2126270.2125280.2124330.2123410.2122510.2121640.2120790.2119970.2119170.2118400.2117660.2116950.2116270.2115650.2115070.2114550.2114080.2113670.2113300.2112980.2112710.2112460.2112250.2112060.2111890.2111740.2111600.2111470.2111350.2111250.2111140.2111050.2110960.2110880.2110800.2110730.2110660.2110590.2110520.2110460.2110400.2110340.2110280.2110230.2110180.2110120.2110070.2110030.2109980.2109930.2109890.2109840.2109800.2109750.2109720.2109670.2109640.2109600.2109560.2109520.2109490.2109450.2109420.2109380.2109350.210932