
Arquitectura: _2_6_1_
Semilla: 1764779585
Segundos: 607
NIteraciones: 1000000

Costo_train: 0.211105
Precision_train: 0.530000
Recall_train: 0.098148
F1_train: 0.165625

Costo_test: 0.206407
Precision_test: 0.518519
Recall_test: 0.111111
F1_test: 0.183007
 
Paso: 0.200000
Gamma: 0.000000
Parada: 0.100000
Iteraciones: 1000000
CapasDesde: 2
CapasHasta: 5
Repeticiones: 5
Intervalo: 10000
MultiplicadorProfunda: 0.700000
Tarjeta: NVIDIA GeForce RTX 3090 Ti

Costos:
0.2233930.2233360.2232460.2231110.2229130.2225690.2220060.2213230.2205740.2197320.2186860.2173510.2162600.2155560.2151180.2148410.2146550.2145180.2144060.2143060.2142070.2141070.2140050.2139050.2138090.2137150.2136210.2135260.2134250.2133190.2132040.2130830.2129600.2128400.2127270.2126230.2125290.2124430.2123650.2122950.2122300.2121690.2121120.2120580.2120060.2119550.2119060.2118580.2118120.2117680.2117250.2116860.2116480.2116130.2115810.2115510.2115240.2114990.2114760.2114550.2114360.2114190.2114020.2113870.2113730.2113600.2113470.2113360.2113250.2113140.2113040.2112950.2112860.2112760.2112680.2112600.2112510.2112430.2112350.2112280.2112200.2112130.2112060.2111990.2111930.2111860.2111800.2111730.2111670.2111610.2111550.2111490.2111430.2111380.2111320.2111260.2111210.2111160.211110