
Arquitectura: _2_6_1_
Semilla: 1764754707
Segundos: 606
NIteraciones: 1000000

Costo_train: 0.211310
Precision_train: 0.588710
Recall_train: 0.135185
F1_train: 0.219880

Costo_test: 0.204668
Precision_test: 0.500000
Recall_test: 0.111111
F1_test: 0.181818
 
Paso: 0.200000
Gamma: 0.000000
Parada: 0.100000
Iteraciones: 1000000
CapasDesde: 2
CapasHasta: 5
Repeticiones: 5
Intervalo: 10000
MultiplicadorProfunda: 0.700000
Tarjeta: NVIDIA GeForce RTX 3090 Ti

Costos:
0.2233750.2233160.2232330.2230930.2228390.2223690.2216560.2208570.2199880.2189070.2177280.2166750.2158730.2153340.2149910.2147720.2146280.2145290.2144570.2144010.2143530.2143080.2142640.2142210.2141770.2141320.2140850.2140360.2139840.2139300.2138750.2138210.2137670.2137160.2136660.2136190.2135730.2135300.2134870.2134440.2134020.2133600.2133200.2132830.2132500.2132220.2131980.2131770.2131580.2131420.2131270.2131120.2130980.2130850.2130720.2130580.2130440.2130290.2130130.2129950.2129750.2129530.2129270.2128970.2128610.2128180.2127630.2126910.2125920.2124520.2122750.2121040.2119750.2118830.2118160.2117630.2117210.2116840.2116520.2116240.2115990.2115750.2115540.2115340.2115150.2114970.2114800.2114640.2114480.2114330.2114190.2114050.2113910.2113780.2113660.2113540.2113430.2113320.211321