
Arquitectura: _2_6_1_
Semilla: 1764776357
Segundos: 621
NIteraciones: 1000000

Costo_train: 0.209509
Precision_train: 0.610619
Recall_train: 0.127778
F1_train: 0.211332

Costo_test: 0.204453
Precision_test: 0.515152
Recall_test: 0.134921
F1_test: 0.213836
 
Paso: 0.200000
Gamma: 0.000000
Parada: 0.100000
Iteraciones: 1000000
CapasDesde: 2
CapasHasta: 5
Repeticiones: 5
Intervalo: 10000
MultiplicadorProfunda: 0.700000
Tarjeta: NVIDIA GeForce RTX 3090 Ti

Costos:
0.2234690.2234510.2234290.2234040.2233740.2233380.2232960.2232460.2231780.2230600.2228150.2223220.2216010.2208460.2201550.2195430.2189670.2183160.2175240.2166990.2159970.2154750.2151150.2148700.2147020.2145860.2145050.2144470.2144050.2143720.2143460.2143220.2142990.2142740.2142480.2142160.2141780.2141300.2140640.2139650.2137960.2134640.2129490.2125780.2123690.2121990.2120120.2117960.2115450.2112480.2109140.2106060.2103840.2102330.2101240.2100400.2099730.2099190.2098750.2098370.2098050.2097770.2097520.2097310.2097120.2096960.2096810.2096670.2096550.2096440.2096330.2096240.2096150.2096070.2096000.2095940.2095870.2095810.2095760.2095700.2095660.2095610.2095570.2095530.2095490.2095460.2095430.2095390.2095360.2095330.2095300.2095280.2095250.2095220.2095200.2095180.2095160.2095130.209511