
Arquitectura: _2_9_1_
Semilla: 1764781191
Segundos: 611
NIteraciones: 1000000

Costo_train: 0.208710
Precision_train: 0.557252
Recall_train: 0.135185
F1_train: 0.217586

Costo_test: 0.204255
Precision_test: 0.529412
Recall_test: 0.142857
F1_test: 0.225000
 
Paso: 0.200000
Gamma: 0.000000
Parada: 0.100000
Iteraciones: 1000000
CapasDesde: 2
CapasHasta: 5
Repeticiones: 5
Intervalo: 10000
MultiplicadorProfunda: 0.700000
Tarjeta: NVIDIA GeForce RTX 3090 Ti

Costos:
0.2233940.2233230.2232590.2231810.2230740.2229340.2227210.2222860.2214110.2201930.2187640.2172680.2161230.2153520.2148290.2144600.2141780.2139300.2136940.2134830.2133100.2131670.2130440.2129320.2128280.2127300.2126370.2125500.2124670.2123880.2123130.2122420.2121750.2121110.2120500.2119910.2119350.2118800.2118270.2117740.2117230.2116710.2116200.2115690.2115180.2114680.2114190.2113720.2113260.2112800.2112360.2111910.2111450.2110990.2110500.2110000.2109460.2108880.2108250.2107570.2106810.2105980.2105040.2103970.2102750.2101350.2099770.2097950.2095860.2093820.2092280.2091270.2090600.2090130.2089790.2089530.2089320.2089140.2088990.2088860.2088740.2088630.2088530.2088430.2088340.2088250.2088160.2088080.2087990.2087900.2087820.2087730.2087650.2087560.2087480.2087400.2087320.2087250.208717